0 0 0 0 0 0 0 0 0 0 0 0 0 0 0 0 0 0 0 0 0 0 0 0 0 0 0 0 0 0 0 0 0 0 0 0 0 0 0 0 0 0 0 0 0 0 0 0 0 0 0 0 0 0 0 0 0 0 0 0 0 0 0 0 0 0 0 0 0 0 0 0 0 0 0 0 0 0 0 0 0 0 0 0 0 0 0 0 0 0 0 0 0 0 0 0 0 0 0 0 0 0 0 0 0 0 0 0 0 0 0 0 0 0 0 0 0 0 0 0 0 0 0 0 0 0 0 0 0 0 0 0 0 0 0 0 0 0 0 0 0 0 0 0 0 0 0 0 0
0 0 0 0 0 0 0 0 0 0 0 0 0 0 0 0 0 0 0 0 0 0 0 0 0 0 0 0 0 0 0 0 0 0 0 0 0 0 0 0 0 0 0 0 0 0 0 0 0 0 0 0 0 0 0 0 0 0 0 0 0 0 0 0 0 0 0 0 0 0 0 0 0 0 0 0 0 0 0 0 0 0 0 0 0 0 0 0 0 0 0 0 0 0 0 0 0 0 0 0 0 0 0 0 0 0 0 0 0 0 0 0 0 0 0 0 0 0 0 0 0 0 0 0 0 0 0 0 0 0 0 0 0 0 0 0 0 0 0 0 0 0 0 0 0 0 0 0 0
0 0 0 0 0 0 0 0 0 0 0 0 0 0 0 0 0 0 0 0 0 0 0 0 0 0 0 0 0 0 0 0 0 0 0 0 0 0 0 0 0 0 0 0 0 0 0 0 0 0 0 0 0 0 0 0 0 0 0 0 0 0 0 0 0 0 0 0 0 0 0 0 0 0 0 0 0 0 0 0 0 0 0 0 0 0 0 0 0 0 0 0 0 0 0 0 0 0 0 0 0 0 0 0 0 0 0 0 0 0 0 0 0 0 0 0 0 0 0 0 0 0 0 0 0 0 0 0 0 0 0 0 0 0 0 0 0 0 0 0 0 0 0 0 0 0 0 0 0
0 0 0 0 0 0 0 0 0 0 0 0 0 0 0 0 0 0 0 0 0 0 0 0 0 0 0 0 0 0 0 0 0 0 0 0 0 0 0 0 0 0 0 0 0 0 0 0 0 0 0 0 0 0 0 0 0 0 0 0 0 0 0 0 0 0 0 0 0 0 0 0 0 0 0 0 0 0 0 0 0 0 0 0 0 0 0 0 0 0 0 0 0 0 0 0 0 0 0 0 0 0 0 0 0 0 0 0 0 0 0 0 0 0 0 0 0 0 0 0 0 0 0 0 0 0 0 0 0 0 0 0 0 0 0 0 0 0 0 0 0 0 0 0 0 0 0 0 0
0 0 0 0 0 0 0 0 0 0 0 0 0 0 0 0 0 0 0 0 0 0 0 0 0 0 0 0 0 0 0 0 0 0 0 0 0 0 0 0 0 0 0 0 0 0 0 0 0 0 0 0 0 0 0 0 0 0 0 0 0 0 0 0 0 0 0 0 0 0 0 0 0 0 0 0 0 0 0 0 0 0 0 0 0 0 0 0 0 0 0 0 0 0 0 0 0 0 0 0 0 0 0 0 0 0 0 0 0 0 0 0 0 0 0 0 0 0 0 0 0 0 0 0 0 0 0 0 0 0 0 0 0 0 0 0 0 0 0 0 0 0 0 0 0 0 0 0 0
0 0 0 0 0 0 0 0 0 0 0 0 0 0 0 0 0 0 0 0 0 0 0 0 0 0 0 0 0 0 0 0 0 0 0 0 0 0 0 0 0 0 0 0 0 0 0 0 0 0 0 0 0 0 0 0 0 0 0 0 0 0 0 0 0 0 0 0 0 0 0 0 0 0 0 0 0 0 0 0 0 0 0 0 0 0 0 0 0 0 0 0 0 0 0 0 0 0 0 0 0 0 0 0 0 0 0 0 0 0 0 0 0 0 0 0 0 0 0 0 0 0 0 0 0 0 0 0 0 0 0 0 0 0 0 0 0 0 0 0 0 0 0 0 0 0 0 0 0
0 0 0 0 0 0 0 0 0 0 0 0 0 0 0 0 0 0 0 0 0 0 0 0 0 0 0 0 0 0 0 0 0 0 0 0 0 0 0 0 0 0 0 0 0 0 0 0 0 0 0 0 0 0 0 0 0 0 0 0 0 0 0 0 0 0 0 0 0 0 0 0 0 0 0 0 0 0 0 0 0 0 0 0 0 0 0 0 0 0 0 0 0 0 0 0 0 0 0 0 0 0 0 0 0 0 0 0 0 0 0 0 0 0 0 0 0 0 0 0 0 0 0 0 0 0 0 0 0 0 0 0 0 0 0 0 0 0 0 0 0 0 0 0 0 0 0 0 0
0 0 0 0 0 0 0 0 0 0 0 0 0 0 0 0 0 0 0 0 0 0 0 0 0 0 0 0 0 0 0 0 0 0 0 0 0 0 0 0 0 0 0 0 0 0 0 0 0 0 0 0 0 0 0 0 0 0 0 0 0 0 0 0 0 0 0 0 0 0 0 0 0 0 0 0 0 0 0 0 0 0 0 0 0 0 0 0 0 0 0 0 0 0 103 0 0 0 0 0 0 0 0 0 0 0 0 0 0 0 0 0 0 0 0 0 0 0 0 0 0 0 0 0 0 0 0 0 0 0 0 0 0 0 0 0 0 0 0 0 0 0 0 0 0 0 0 0 0
0 0 0 0 0 0 0 0 0 0 0 0 0 0 0 0 0 0 0 0 0 0 0 0 0 0 0 0 0 0 0 0 0 0 0 0 0 0 0 0 0 0 0 0 0 0 0 0 0 0 0 0 0 0 0 0 0 0 0 0 0 0 0 0 0 0 0 0 0 0 0 0 0 0 0 0 0 0 0 0 0 0 0 0 0 0 0 0 0 0 0 0 0 0 103 103 106 106 0 0 0 0 0 0 0 0 0 0 0 0 0 0 0 0 0 0 0 0 0 0 0 0 0 0 0 0 0 0 0 0 0 0 0 0 0 0 0 0 0 0 0 0 0 0 0 0 0 0 0
0 0 0 0 0 0 0 0 0 0 0 0 0 0 0 0 0 0 0 0 0 0 0 0 0 0 0 0 0 0 0 0 0 0 0 0 0 0 0 0 0 0 0 0 0 0 0 0 0 0 0 0 0 0 0 0 0 0 0 0 0 0 0 0 0 0 0 0 0 0 0 0 0 0 0 0 0 0 0 0 0 0 0 0 0 0 0 0 0 0 0 0 0 0 103 105 105 105 104 0 0 0 0 0 0 0 0 0 0 0 0 0 0 0 0 0 0 0 0 0 0 0 0 0 0 0 0 0 0 0 0 0 0 0 0 0 0 0 0 0 0 0 0 0 0 0 0 0 0
0 0 0 0 0 0 0 0 0 0 0 0 0 0 0 0 0 0 0 0 0 0 0 0 0 0 0 0 0 0 0 0 0 0 0 0 0 0 0 0 0 0 0 0 0 0 0 0 0 0 0 0 0 0 0 0 0 0 0 0 0 0 0 0 0 0 0 0 0 0 0 0 0 0 0 0 0 0 0 0 0 0 0 0 0 0 0 0 0 0 0 0 0 0 103 104 104 104 103 0 0 0 0 0 0 0 0 0 0 0 0 0 0 0 0 0 0 0 0 0 0 0 0 0 0 0 0 0 0 0 0 0 0 0 0 0 0 0 0 0 0 0 0 0 0 0 0 0 0
0 0 0 0 0 0 0 0 0 0 0 0 0 0 0 0 0 0 0 0 0 0 0 0 0 0 0 0 0 0 0 0 0 0 0 0 0 0 0 0 0 0 0 0 0 0 0 0 0 0 0 0 0 0 0 0 0 0 0 0 0 0 0 0 0 0 0 0 0 0 0 0 0 0 0 0 0 0 0 0 0 0 0 0 0 0 0 0 0 0 0 0 0 103 104 105 104 103 104 105 0 0 0 0 0 0 0 0 0 0 0 0 0 0 0 0 0 0 0 0 0 0 0 0 0 0 0 0 0 0 0 0 0 0 0 0 0 0 0 0 0 0 0 0 0 0 0 0 0
0 0 0 0 0 0 0 0 0 0 0 0 0 0 0 0 0 0 0 0 0 0 0 0 0 0 0 0 0 0 0 0 0 0 0 0 0 0 0 0 0 0 0 0 0 0 0 0 0 0 0 0 0 0 0 0 0 0 0 0 0 0 0 0 0 0 0 0 0 0 0 0 0 0 0 0 0 0 0 0 0 0 0 0 0 0 0 0 0 0 0 0 0 103 104 105 104 104 104 104 104 0 0 0 0 0 0 0 0 0 0 0 0 0 0 0 0 0 0 0 0 0 0 0 0 0 0 0 0 0 0 0 0 0 0 0 0 0 0 0 0 0 0 0 0 0 0 0 0
0 0 0 0 0 0 0 0 0 0 0 0 0 0 0 0 0 0 0 0 0 0 0 0 0 0 0 0 0 0 0 0 0 0 0 0 0 0 0 0 0 0 0 0 0 0 0 0 0 0 0 0 0 0 0 0 0 0 0 0 0 0 0 0 0 0 0 0 0 0 0 0 0 0 0 0 0 0 0 0 0 0 0 0 0 0 0 0 0 0 0 0 0 103 104 105 103 103 104 103 103 104 114 0 0 0 0 0 0 0 0 0 0 0 0 0 0 0 0 0 0 0 0 0 0 0 0 0 0 0 0 0 0 0 0 0 0 0 0 0 0 0 0 0 0 0 0 0 0
0 0 0 0 0 0 0 0 0 0 0 0 0 0 0 0 0 0 0 0 0 0 0 0 0 0 0 0 0 0 0 0 0 0 0 0 0 0 0 0 0 0 0 0 0 0 0 0 0 0 0 0 0 0 0 0 0 0 0 0 0 0 0 0 0 0 0 0 0 0 0 0 0 0 0 0 0 0 0 0 0 0 0 0 0 0 0 0 0 0 0 0 0 103 103 104 103 104 104 104 104 104 114 103 0 0 0 0 0 0 0 0 0 0 0 0 0 0 0 0 0 0 0 0 0 0 0 0 0 0 0 0 0 0 0 0 0 0 0 0 0 0 0 0 0 0 0 0 0
0 0 0 0 0 0 0 0 0 0 0 0 0 0 0 0 0 0 0 0 0 0 0 0 0 0 0 0 0 0 0 0 0 0 0 0 0 0 0 0 0 0 0 0 0 0 0 0 0 0 0 0 0 0 0 0 0 0 0 0 0 0 0 0 0 0 0 0 0 0 0 0 0 0 0 0 0 0 0 0 0 0 0 0 0 0 0 0 0 0 0 0 0 103 103 104 104 103 103 104 104 104 114 103 103 103 103 0 0 0 0 0 0 0 0 0 0 0 103 0 0 0 0 0 0 0 0 0 0 0 0 0 0 0 0 0 0 0 0 0 0 0 0 0 0 0 0 0 0
0 0 0 0 0 0 0 0 0 0 0 0 0 0 0 0 0 0 0 0 0 0 0 0 0 0 0 0 0 0 0 0 0 0 0 0 0 0 0 0 0 0 0 0 0 0 0 0 0 0 0 0 0 0 0 0 0 0 0 0 0 0 0 0 0 0 0 0 0 0 0 0 0 0 0 0 0 0 0 0 0 0 0 0 0 0 0 0 0 0 0 0 0 103 103 106 106 103 104 104 104 104 102 103 104 103 103 104 102 102 102 0 0 104 103 101 101 104 103 103 0 0 0 0 0 0 0 0 0 0 0 0 0 0 0 0 0 0 0 0 0 0 0 0 0 0 0 0 0
0 0 0 0 0 0 0 0 0 0 0 0 0 0 0 0 0 0 0 0 0 0 0 0 0 0 0 0 0 0 0 0 0 0 0 0 0 0 0 0 0 0 0 0 0 0 0 0 0 0 0 0 0 0 0 0 0 0 0 0 0 0 0 0 0 0 0 0 0 0 0 0 0 0 0 0 0 0 0 0 0 0 0 0 0 0 0 0 0 0 0 0 0 103 104 105 104 104 105 103 104 104 105 104 104 103 103 102 104 102 103 103 103 101 103 103 103 104 104 103 104 0 0 0 0 0 0 0 0 0 0 0 0 0 0 0 0 0 0 0 0 0 0 0 0 0 0 0 0
0 0 0 0 0 0 0 0 0 0 0 0 0 0 0 0 0 0 0 0 0 0 0 0 0 0 0 0 0 0 0 0 0 0 0 0 0 0 0 0 0 0 0 0 0 0 0 0 0 0 0 0 0 0 0 0 0 0 0 0 0 0 0 0 0 0 0 0 0 0 0 0 0 0 0 0 0 0 0 0 0 0 0 0 0 0 0 0 0 0 0 0 0 103 104 105 104 106 105 104 104 104 105 105 104 103 103 101 104 103 103 103 103 103 103 103 103 103 102 103 103 104 0 0 0 0 0 0 0 0 0 0 0 0 0 0 0 0 0 0 0 0 0 0 0 0 0 0 0
0 0 0 0 0 0 0 0 0 0 0 0 0 0 0 0 0 0 0 0 0 0 0 0 0 0 0 0 0 0 0 0 0 0 0 0 0 0 0 0 0 0 0 0 0 0 0 0 0 0 0 0 0 0 0 0 0 0 0 0 0 0 0 0 0 0 0 0 0 0 0 0 0 0 0 0 0 0 0 0 0 0 0 0 0 0 0 0 0 0 0 0 0 103 103 106 104 104 104 104 103 104 104 104 103 102 103 103 103 104 103 103 103 104 102 102 103 104 104 103 104 102 104 0 0 0 0 0 0 0 0 0 0 0 0 0 0 0 0 0 0 0 0 0 0 0 0 0 0
0 0 0 0 0 0 0 0 0 0 0 0 0 0 0 0 0 0 0 0 0 0 0 0 0 0 0 0 0 0 0 0 0 0 0 0 0 0 0 0 0 0 0 0 0 0 0 0 0 0 0 0 0 0 0 0 0 0 0 0 0 0 0 0 0 0 0 0 0 0 0 0 0 0 0 0 0 0 0 0 0 0 0 0 0 0 0 0 0 0 0 0 0 106 105 105 104 104 104 104 103 103 104 104 104 102 104 103 104 103 104 102 102 103 102 102 104 104 104 104 103 103 104 103 0 0 0 0 0 0 0 0 0 0 0 0 0 0 0 0 0 0 0 0 0 0 0 0 0
0 0 0 0 0 0 0 0 0 0 0 0 0 0 0 0 0 0 0 0 0 0 0 0 0 0 0 0 0 0 0 0 0 0 0 0 0 0 0 0 0 0 0 0 0 0 0 0 0 0 0 0 0 0 0 0 0 0 0 0 0 0 0 0 0 0 0 0 0 0 0 0 0 0 0 0 0 0 0 0 0 0 0 0 0 0 0 0 0 0 0 103 103 105 106 104 104 104 104 104 103 103 104 104 104 102 104 104 104 103 103 104 102 102 104 104 103 104 104 104 104 104 103 103 104 0 0 0 0 0 0 0 0 0 0 0 0 0 0 0 0 0 0 0 0 0 0 0 0
0 0 0 0 0 0 0 0 0 0 0 0 0 0 0 0 0 0 0 0 0 0 0 0 0 0 0 0 0 0 0 0 0 0 0 0 0 0 0 0 0 0 0 0 0 0 0 0 0 0 0 0 0 0 0 0 0 0 0 0 0 0 0 0 0 0 0 0 0 0 0 0 0 0 0 0 0 0 0 0 0 0 0 0 0 0 0 0 0 0 104 103 104 105 105 103 105 104 104 104 104 104 104 104 103 103 104 104 103 103 104 104 104 104 104 103 104 103 104 103 104 104 104 104 104 103 0 0 0 0 0 0 0 0 0 0 0 0 0 0 0 0 0 0 0 0 0 0 0
0 0 0 0 0 0 0 0 0 0 0 0 0 0 0 0 0 0 0 0 0 0 0 0 0 0 0 0 0 0 0 0 0 0 0 0 0 0 0 0 0 0 0 0 0 0 0 0 0 0 0 0 0 0 0 0 0 0 0 0 0 0 0 0 0 0 0 0 0 0 0 0 0 0 0 0 0 0 0 0 0 0 0 0 0 0 0 0 0 104 103 102 104 103 104 104 105 105 104 103 103 104 104 103 104 114 104 104 103 104 104 103 102 104 104 104 104 104 103 104 105 105 105 104 104 104 104 104 0 0 0 0 0 0 0 0 0 0 0 0 0 0 0 0 0 0 0 0 0
0 0 0 0 0 0 0 0 0 0 0 0 0 0 0 0 0 0 0 0 0 0 0 0 0 0 0 0 0 0 0 0 0 0 0 0 0 0 0 0 0 0 0 0 0 0 0 0 0 0 0 0 0 0 0 0 0 0 0 0 0 0 0 0 0 0 0 0 0 0 0 0 0 0 0 0 0 0 0 0 0 0 0 0 0 0 0 0 104 104 104 104 104 103 104 104 105 104 104 114 103 105 105 105 104 114 104 105 104 104 103 102 102 103 104 104 102 104 104 104 105 105 105 104 104 104 104 104 115 0 0 0 0 0 0 0 0 0 0 0 0 0 0 0 0 0 0 0 0
0 0 0 0 0 0 0 0 0 0 0 0 0 0 0 0 0 0 0 0 0 0 0 0 0 0 0 0 0 0 0 0 0 0 0 0 0 0 0 0 0 0 0 0 0 0 0 0 0 0 0 0 0 0 0 0 0 0 0 0 0 0 0 0 0 0 0 0 0 0 0 0 114 103 106 0 0 0 0 0 0 0 0 0 0 0 103 103 100 104 103 104 114 103 102 104 104 103 104 103 104 104 105 105 105 103 103 104 104 104 104 104 104 104 104 104 104 105 106 105 104 104 105 103 104 104 104 104 102 104 0 0 0 0 0 0 0 0 0 0 0 0 0 0 0 0 0 0 0
0 0 0 0 0 0 0 0 0 0 0 0 0 0 0 0 0 0 0 0 0 0 0 0 0 0 0 0 0 0 0 0 0 0 0 0 0 0 0 0 0 0 0 0 0 0 0 0 0 0 0 0 0 0 0 0 0 0 0 0 0 0 0 0 0 0 0 0 0 0 0 0 103 103 103 0 0 104 103 0 0 0 0 0 0 104 104 103 103 102 104 104 104 102 102 104 104 103 103 103 102 103 104 104 105 104 105 104 104 104 105 104 105 105 106 105 105 105 106 105 105 105 106 105 105 104 104 104 115 104 0 0 0 0 0 0 0 0 0 0 0 0 0 0 0 0 0 0 0
0 0 0 0 0 0 0 0 0 0 0 0 0 0 0 0 0 0 0 0 0 0 0 0 0 0 0 0 0 0 0 0 0 0 0 0 0 0 0 0 0 0 0 0 0 0 0 0 0 0 0 0 0 0 0 0 0 0 0 0 0 0 0 0 0 0 0 0 0 0 0 104 103 103 104 103 106 103 103 103 102 0 0 0 104 104 104 104 103 103 104 104 103 102 102 103 103 104 104 103 103 103 104 104 104 104 105 105 104 105 104 104 105 106 105 104 106 105 106 106 105 105 105 105 105 105 104 104 115 104 0 0 0 0 0 0 0 0 0 0 0 0 0 0 0 0 0 0 0
0 0 0 0 0 0 0 0 0 0 0 0 0 0 0 0 0 0 0 0 0 0 0 0 0 0 0 0 0 0 0 0 0 0 0 0 0 0 0 0 0 0 0 0 0 0 0 0 0 0 0 0 0 0 0 0 0 0 0 0 0 0 0 0 0 0 0 0 0 0 0 104 103 103 104 104 104 104 104 104 103 104 104 103 104 105 105 104 105 105 103 103 103 103 103 103 104 104 103 103 102 102 104 105 105 105 105 103 104 104 105 104 104 105 105 105 105 104 105 106 104 106 105 105 105 104 104 105 104 103 102 0 0 0 0 0 0 0 0 0 0 0 0 0 0 0 0 0 0
0 0 0 0 0 0 0 0 0 0 0 0 0 0 0 0 0 0 0 0 0 0 0 0 0 0 0 0 0 0 0 0 0 0 0 0 0 0 0 0 0 0 0 0 0 0 0 0 0 0 0 0 0 0 0 0 0 0 0 0 0 0 0 0 0 0 0 0 0 0 103 103 104 103 104 104 104 104 104 105 105 103 104 105 104 105 104 103 103 105 103 103 102 104 104 104 105 104 103 104 103 104 105 105 104 105 105 105 104 103 104 104 103 104 104 104 104 105 105 104 104 105 105 105 106 105 104 104 104 104 104 102 0 0 0 0 0 0 0 0 0 0 0 0 0 0 0 0 0
0 0 0 0 0 0 0 0 0 0 0 0 0 0 0 0 0 0 0 0 0 0 0 0 0 0 0 0 0 0 0 0 0 0 0 0 0 0 0 0 0 0 0 0 0 0 0 0 0 0 0 0 0 0 0 0 0 0 0 0 0 0 0 0 0 0 0 0 0 115 103 103 104 103 105 104 104 103 105 105 105 104 104 104 104 104 103 103 103 105 114 102 102 104 104 104 105 104 104 104 104 106 105 105 104 105 105 105 103 103 104 104 116 104 104 104 104 105 105 103 104 104 105 104 105 104 105 104 103 104 103 102 104 0 0 0 0 0 0 0 0 0 0 0 0 0 0 0 0
0 0 0 0 0 0 0 0 0 0 0 0 0 0 0 0 0 0 0 0 0 0 0 0 0 0 0 0 0 0 0 0 0 0 0 0 0 0 0 0 0 0 0 0 0 0 0 0 0 0 0 0 0 0 0 0 0 0 0 0 0 0 0 0 0 0 0 0 0 103 103 103 103 104 103 103 104 103 105 105 105 104 105 105 105 104 104 104 103 104 105 104 103 103 103 104 104 104 104 104 106 105 105 104 105 105 105 105 103 103 103 104 104 104 104 105 104 103 105 104 104 104 104 105 105 104 104 104 104 104 104 104 102 0 0 0 0 0 0 0 0 0 0 0 0 0 0 0 0
0 0 0 0 0 0 0 0 0 0 0 0 0 0 0 0 0 0 0 0 0 0 0 0 0 0 0 0 0 0 0 0 0 0 0 0 0 0 0 0 0 0 0 0 0 0 0 0 0 0 0 0 0 0 0 0 0 0 0 0 0 0 0 0 0 0 0 0 0 103 103 103 105 104 103 103 104 104 104 103 104 103 104 105 105 105 106 106 106 104 104 105 105 104 104 103 104 104 106 104 106 105 104 104 105 104 104 104 105 105 104 103 104 105 104 105 106 106 105 105 104 104 104 104 104 105 105 105 104 105 105 104 104 103 0 0 0 0 0 0 0 0 0 0 0 0 0 0 0
0 0 0 0 0 0 0 0 0 0 0 0 0 0 0 0 0 0 0 0 0 0 0 0 0 0 0 0 0 0 0 0 0 0 0 0 0 0 0 0 0 0 0 0 0 0 0 0 0 0 0 0 0 0 0 0 0 0 0 0 0 0 0 0 0 0 0 0 103 103 103 104 103 103 103 103 103 103 103 104 115 104 105 105 104 105 105 105 105 104 103 105 104 115 102 102 104 105 106 105 105 106 105 104 105 104 104 104 105 105 105 103 104 104 105 105 106 105 106 106 104 104 103 104 104 104 105 105 105 105 104 103 104 103 104 0 0 0 0 0 0 0 0 0 0 0 0 0 0
0 0 0 0 0 0 0 0 0 0 0 0 0 0 0 0 0 0 0 0 0 0 0 0 0 0 0 0 0 0 0 0 0 0 0 0 0 0 0 0 0 0 0 0 0 0 0 0 0 0 0 0 0 0 0 0 0 0 0 0 0 0 0 0 0 0 0 103 103 104 105 103 104 105 104 103 105 105 105 105 103 104 104 104 106 106 105 105 105 104 104 105 104 114 104 104 106 106 105 104 105 104 105 105 105 105 106 104 104 105 103 103 104 104 104 104 105 105 104 105 104 104 103 104 104 105 104 104 104 105 104 104 104 104 104 0 0 0 0 0 0 0 0 0 0 0 0 0 0
0 0 0 0 0 0 0 0 0 0 0 0 0 0 0 0 0 0 0 0 0 0 0 0 0 0 0 0 0 0 0 0 0 0 0 0 0 0 0 0 0 0 0 0 0 0 0 0 0 0 0 0 0 0 0 0 0 0 0 0 0 0 0 0 0 0 103 103 104 106 105 103 105 105 104 105 105 106 105 104 104 105 104 104 105 104 104 104 104 105 104 104 104 104 104 106 104 104 103 105 105 106 105 105 105 104 104 105 104 105 105 104 104 105 105 105 105 104 104 105 105 103 103 104 104 104 104 104 105 105 103 105 104 104 104 0 0 0 0 0 0 0 0 0 0 0 0 0 0
0 0 0 0 0 0 0 0 0 0 0 0 0 0 0 0 0 0 0 0 0 0 0 0 0 0 0 0 0 0 0 0 0 0 0 0 0 0 0 0 0 0 0 0 0 0 0 0 0 0 0 0 0 0 0 0 0 0 0 0 0 0 0 0 0 103 103 103 105 105 104 104 105 104 104 105 105 105 105 104 105 106 105 116 105 104 104 104 104 105 104 104 105 105 106 106 104 102 105 106 105 105 105 106 105 105 106 105 105 105 105 104 105 105 104 104 105 105 104 105 106 103 103 104 104 103 104 104 105 105 104 104 104 104 104 0 0 0 0 0 0 0 0 0 0 0 0 0 0
0 0 0 0 0 0 0 0 0 0 0 0 0 0 0 0 0 0 0 0 0 0 0 0 0 0 0 0 0 0 0 0 0 0 0 0 0 0 0 0 0 0 0 0 0 0 0 0 0 0 0 0 0 0 0 0 0 0 0 0 0 0 0 103 103 103 103 105 104 104 103 103 103 104 103 105 104 105 103 114 104 105 105 105 105 105 102 104 104 104 104 104 104 103 102 103 103 102 106 105 105 104 105 105 105 105 105 105 105 105 106 105 104 105 104 105 105 105 105 104 103 103 104 104 104 103 104 104 104 105 105 103 105 105 103 0 0 0 0 0 0 0 0 0 0 0 0 0 0
0 0 0 0 0 0 0 0 0 0 0 0 0 0 0 0 0 0 0 0 0 0 0 0 0 0 0 0 0 0 0 0 0 0 0 0 0 0 0 0 0 0 0 0 0 0 0 0 0 0 0 0 0 0 0 0 0 0 0 0 0 0 103 103 103 103 103 104 104 104 103 106 104 104 114 104 103 104 104 103 105 104 106 105 105 105 106 104 103 115 104 104 104 104 104 104 104 102 105 103 104 104 104 104 104 106 105 105 106 105 105 106 104 104 105 105 104 104 104 104 103 104 104 104 102 103 104 104 105 105 104 104 105 105 104 0 0 0 0 0 0 0 0 0 0 0 0 0 0
0 0 0 0 0 0 0 0 0 0 0 0 0 0 0 0 0 0 0 0 0 0 0 0 0 0 0 0 0 0 0 0 0 0 0 0 0 0 0 0 0 0 0 0 0 0 0 0 0 0 0 0 0 0 0 0 0 0 0 0 0 103 103 114 103 103 103 104 103 104 104 104 103 104 103 106 103 104 103 105 105 105 103 105 105 105 106 104 104 115 104 102 104 104 104 103 104 103 104 104 104 106 105 105 104 106 105 106 105 104 104 105 104 103 105 105 104 105 104 104 103 103 104 103 104 104 105 104 104 104 104 104 105 105 104 0 0 0 0 0 0 0 0 0 0 0 0 0 0
0 0 0 0 0 0 0 0 0 0 0 0 0 0 0 0 0 0 0 0 0 0 0 0 0 0 0 0 0 0 0 0 0 0 0 0 0 0 0 0 0 0 0 0 0 0 0 0 0 0 0 0 0 0 0 0 0 0 0 0 103 103 104 103 104 104 105 106 105 105 104 104 104 104 104 106 106 105 104 105 103 102 115 104 104 104 105 104 104 103 103 104 103 104 104 104 104 105 104 104 106 106 105 104 105 106 104 105 105 105 105 105 106 104 103 104 104 104 105 104 104 104 104 103 104 104 105 104 104 104 104 104 106 106 104 0 0 0 0 0 0 0 0 0 0 0 0 0 0
0 0 0 0 0 0 0 0 0 0 0 0 0 0 0 0 0 0 0 0 0 0 0 0 0 0 0 0 0 0 0 0 0 0 0 0 0 0 0 0 0 0 0 0 0 0 0 0 0 0 0 0 0 0 0 0 0 0 0 103 103 103 105 104 104 104 103 103 104 104 103 105 106 106 105 103 104 104 104 106 105 104 105 105 106 105 104 105 105 104 103 103 104 104 104 105 106 106 105 102 102 105 105 105 106 106 105 105 104 105 104 105 106 105 114 102 104 104 104 105 104 105 104 104 105 105 105 104 104 105 105 105 105 104 104 0 0 0 0 0 0 0 0 0 0 0 0 0 0
0 0 0 0 0 0 0 0 0 0 0 0 0 0 0 0 0 0 0 0 0 0 0 0 0 0 0 0 0 0 0 0 0 0 0 0 0 0 0 0 0 0 0 0 0 0 0 0 0 0 0 0 0 0 0 0 0 0 0 103 103 104 105 105 104 104 104 103 104 105 105 106 106 106 105 105 104 106 105 106 105 105 106 106 105 104 103 105 105 104 103 103 104 105 105 104 105 106 105 104 103 104 106 106 106 106 105 105 104 104 104 105 106 105 104 102 104 103 103 105 105 105 106 106 105 105 105 105 105 103 104 105 105 104 104 0 0 0 0 0 0 0 0 0 0 0 0 0 0
0 0 0 0 0 0 0 0 0 0 0 0 0 0 0 0 0 0 0 0 0 0 0 0 0 0 0 0 0 0 0 0 0 0 0 0 0 0 0 0 0 0 0 0 0 0 0 0 0 0 0 0 0 0 0 0 0 0 0 103 105 105 104 105 105 105 105 105 105 104 104 105 106 106 105 105 106 106 106 106 106 106 105 105 104 104 103 106 106 103 105 103 103 104 104 105 106 106 105 104 105 105 106 106 105 106 106 106 106 106 105 105 105 105 105 104 103 105 104 104 105 105 105 104 105 105 104 104 104 104 104 105 105 105 0 0 0 0 0 0 0 0 0 0 0 0 0 0 0
0 0 0 0 0 0 0 0 0 0 0 0 0 0 0 0 0 0 0 0 0 0 0 0 0 0 0 0 0 0 0 0 0 0 0 0 0 0 0 0 0 0 0 0 0 0 0 0 0 0 0 0 0 0 0 0 0 0 0 105 104 105 105 105 105 105 105 105 105 106 105 105 104 105 104 103 106 106 106 106 105 105 104 103 103 104 104 105 104 104 104 104 104 104 104 105 104 105 105 106 105 105 106 106 106 106 106 105 106 106 104 105 105 105 105 105 105 103 104 104 103 104 104 103 103 104 104 105 104 104 104 105 105 0 0 0 0 0 0 0 0 0 0 0 0 0 0 0 0
0 0 0 0 0 0 0 0 0 0 0 0 0 0 0 0 0 0 0 0 0 0 0 0 0 0 0 0 0 0 0 0 0 0 0 0 0 0 0 0 0 0 0 0 0 0 0 0 0 0 0 0 0 0 0 0 0 0 0 0 105 105 105 106 105 105 105 105 105 106 105 105 105 105 105 103 103 104 106 105 105 105 104 103 104 105 104 105 104 104 104 104 104 104 104 104 104 105 104 106 106 106 106 106 106 106 105 106 106 105 105 105 105 105 105 105 105 104 105 104 104 104 104 100 103 104 105 105 105 105 105 0 0 0 0 0 0 0 0 0 0 0 0 0 0 0 0 0 0
0 0 0 0 0 0 0 0 0 0 0 0 0 0 0 0 0 0 0 0 0 0 0 0 0 0 0 0 0 0 0 0 0 0 0 0 0 0 0 0 0 0 0 0 0 0 0 0 0 0 0 0 0 0 0 0 0 0 0 105 105 106 105 105 105 105 105 106 106 106 105 105 105 105 106 106 106 106 104 104 105 103 104 103 105 103 103 103 103 104 105 103 103 105 105 105 104 104 105 106 106 106 106 105 105 105 106 105 106 106 105 105 105 105 105 105 105 105 105 105 104 104 104 104 103 105 105 105 104 0 0 0 0 0 0 0 0 0 0 0 0 0 0 0 0 0 0 0 0
0 0 0 0 0 0 0 0 0 0 0 0 0 0 0 0 0 0 0 0 0 0 0 0 0 0 0 0 0 0 0 0 0 0 0 0 0 0 0 0 0 0 0 0 0 0 0 0 0 0 0 0 0 0 0 0 0 106 105 105 105 105 105 105 105 105 105 105 106 106 105 105 106 106 106 106 105 106 106 106 107 104 104 103 103 103 102 102 103 104 104 104 104 105 104 104 105 105 105 105 105 106 104 105 106 105 105 105 105 106 105 105 105 105 105 105 104 106 105 103 103 104 105 104 103 104 105 105 104 0 0 0 0 0 0 0 0 0 0 0 0 0 0 0 0 0 0 0 0
0 0 0 0 0 0 0 0 0 0 0 0 0 0 0 0 0 0 0 0 0 0 0 0 0 0 0 0 0 0 0 0 0 0 0 0 0 0 0 0 0 0 0 0 0 0 0 0 0 0 0 0 0 0 103 103 104 107 106 105 105 105 105 105 105 105 105 106 106 106 106 105 105 105 105 106 106 105 106 106 106 105 104 103 103 103 103 102 102 104 104 104 104 105 104 105 106 105 106 105 105 105 104 105 105 104 105 105 105 105 105 105 105 105 105 105 104 104 105 103 103 103 105 105 103 104 104 104 105 0 0 0 0 0 0 0 0 0 0 0 0 0 0 0 0 0 0 0 0
0 0 0 0 0 0 0 0 0 0 0 0 0 0 0 0 0 0 0 0 0 0 0 0 0 0 0 0 0 0 0 0 0 0 0 0 0 0 0 0 0 0 0 0 0 0 0 0 0 0 0 104 104 103 103 104 105 105 105 105 105 105 105 105 105 106 105 105 105 105 105 106 105 105 104 103 103 105 103 104 105 106 106 104 103 103 105 103 100 103 104 114 104 105 104 104 104 104 105 105 104 104 105 105 105 105 105 105 104 104 105 105 105 105 105 105 105 103 103 104 103 103 105 105 105 105 103 103 104 0 0 0 0 0 0 0 0 0 0 0 0 0 0 0 0 0 0 0 0
0 0 0 0 0 0 0 0 0 0 0 0 0 0 0 0 0 0 0 0 0 0 0 0 0 0 0 0 0 0 0 0 0 0 0 0 0 0 0 0 0 0 0 0 0 0 0 0 0 103 103 104 104 106 103 104 105 105 105 105 105 105 105 105 105 105 106 105 105 106 106 105 106 106 103 104 105 105 104 105 103 104 105 105 103 103 103 102 103 103 103 100 104 105 106 105 105 105 105 105 105 105 105 104 104 104 105 106 106 106 105 105 105 105 105 105 105 105 105 105 104 103 104 104 104 105 105 105 105 0 0 0 0 0 0 0 0 0 0 0 0 0 0 0 0 0 0 0 0
0 0 0 0 0 0 0 0 0 0 0 0 0 0 0 0 0 0 0 0 0 0 0 0 0 0 0 0 0 0 0 0 0 0 0 0 0 0 0 0 0 0 0 0 0 0 0 0 103 103 103 103 104 105 104 103 104 105 105 105 105 105 105 105 105 105 106 105 106 106 105 105 106 105 103 104 103 103 105 104 104 104 104 104 104 103 103 104 103 103 104 104 114 103 105 106 105 106 106 105 105 105 105 104 104 104 105 106 106 106 105 105 105 105 104 105 105 105 105 105 105 103 104 104 105 104 105 105 106 104 0 0 0 0 0 0 0 0 0 0 0 0 0 0 0 0 0 0 0
0 0 0 0 0 0 0 0 0 0 0 0 0 0 0 0 0 0 0 0 0 0 0 0 0 0 0 0 0 0 0 0 0 0 0 0 0 0 0 0 0 0 0 0 0 0 0 103 103 106 103 103 104 103 104 104 104 105 106 105 105 105 105 106 105 105 106 106 106 106 105 105 105 104 104 104 104 102 104 104 103 105 105 105 104 105 103 104 104 103 103 103 104 104 102 103 105 105 106 105 105 105 105 105 105 105 105 105 105 105 105 105 105 104 105 105 105 104 105 105 106 106 103 104 104 105 104 105 105 106 0 0 0 0 0 0 0 0 0 0 0 0 0 0 0 0 0 0 0
0 0 0 0 0 0 0 0 0 0 0 0 0 0 0 0 0 0 0 0 0 0 0 0 0 0 0 0 0 0 0 0 0 0 0 0 0 0 0 0 0 0 0 0 0 103 103 104 104 104 103 104 104 103 103 104 104 105 105 106 105 105 105 106 106 106 106 106 106 104 104 105 104 104 104 104 104 103 104 105 103 103 103 103 104 105 103 106 105 104 104 104 104 105 105 105 104 105 106 106 105 105 105 105 105 105 105 105 105 106 106 106 105 105 104 105 104 105 103 105 106 105 104 104 104 103 104 104 104 104 0 0 0 0 0 0 0 0 0 0 0 0 0 0 0 0 0 0 0
0 0 0 0 0 0 0 0 0 0 0 0 0 0 0 0 0 0 0 0 0 0 0 0 0 0 0 0 0 0 0 0 0 0 0 0 0 0 0 0 0 0 0 0 104 103 104 104 103 103 103 103 105 103 104 104 105 105 105 105 105 106 105 106 106 106 106 106 103 104 103 104 105 105 104 104 104 103 104 105 103 103 103 103 103 104 104 104 106 104 104 104 103 105 105 105 104 105 106 105 105 105 106 105 104 105 105 106 106 105 106 106 105 105 104 105 104 106 106 106 105 104 104 103 104 103 102 103 104 104 0 0 0 0 0 0 0 0 0 0 0 0 0 0 0 0 0 0 0
0 0 0 0 0 0 0 0 0 0 0 0 0 0 0 0 0 0 0 0 0 0 0 0 0 0 0 0 0 0 0 0 0 0 0 0 0 0 0 0 0 0 104 103 103 104 104 104 103 104 103 104 104 105 105 105 105 105 106 105 105 106 105 106 107 106 106 105 104 105 105 104 103 103 103 104 104 102 104 103 104 104 104 103 103 103 104 104 104 103 104 104 104 105 105 102 104 105 105 105 105 105 105 105 105 105 105 106 106 106 106 106 105 105 105 105 105 105 106 105 105 104 103 103 103 104 103 103 104 103 104 0 0 0 0 0 0 0 0 0 0 0 0 0 0 0 0 0 0
0 0 0 0 0 0 0 0 0 0 0 0 0 0 0 0 0 0 0 0 0 0 0 0 0 0 0 0 0 0 0 0 0 0 0 0 0 0 0 0 0 104 104 103 104 104 104 103 104 106 104 104 104 105 104 104 103 104 105 105 105 105 106 106 106 106 106 104 104 105 105 103 104 104 103 114 103 100 104 104 104 105 104 115 114 103 104 104 104 104 104 104 103 103 104 105 104 122 102 106 106 106 105 105 106 106 106 106 105 105 106 106 105 105 105 106 105 105 105 106 103 103 104 104 104 105 106 106 105 104 104 0 0 0 0 0 0 0 0 0 0 0 0 0 0 0 0 0 0
0 0 0 0 0 0 0 0 0 0 0 0 0 0 0 0 0 0 0 0 0 0 0 0 0 0 0 0 0 0 0 0 0 0 0 0 0 0 0 104 104 103 103 104 104 104 104 106 104 104 105 105 103 104 104 104 104 104 105 105 105 105 106 106 106 106 106 104 104 106 105 104 103 104 103 114 114 100 104 104 104 104 104 103 102 104 104 105 105 104 103 103 102 104 104 105 103 103 102 106 106 106 105 105 106 106 106 106 106 106 106 106 105 104 105 106 105 105 105 104 103 102 104 104 104 104 105 105 105 105 104 0 0 0 0 0 0 0 0 0 0 0 0 0 0 0 0 0 0
0 0 0 0 0 0 0 0 0 0 0 0 0 0 0 0 0 0 0 0 0 0 0 0 0 0 0 0 0 0 0 0 0 0 0 0 0 104 103 104 104 103 103 103 103 104 105 104 104 104 105 105 104 103 104 103 105 103 104 105 105 105 106 106 106 106 105 104 104 104 103 104 104 104 103 115 115 114 114 114 103 104 105 104 104 103 104 104 105 104 104 105 105 105 105 104 102 122 103 105 103 104 105 105 105 104 105 106 106 106 105 103 102 105 102 102 104 103 104 103 103 104 103 104 104 104 105 105 105 105 105 0 0 0 0 0 0 0 0 0 0 0 0 0 0 0 0 0 0
0 0 0 0 0 0 0 0 0 0 0 0 0 0 0 0 0 0 0 0 0 0 0 0 0 0 0 0 0 0 0 0 0 0 0 0 103 103 103 103 103 104 103 104 104 104 104 103 104 104 103 103 103 104 103 104 104 104 104 104 105 105 105 106 106 106 104 104 105 103 103 103 103 103 104 102 103 103 114 103 103 104 105 104 104 103 104 104 104 103 104 103 105 105 104 104 104 103 101 103 102 103 103 103 105 105 105 105 106 106 103 103 103 104 102 104 104 104 104 102 104 104 104 104 105 104 104 106 105 106 106 105 0 0 0 0 0 0 0 0 0 0 0 0 0 0 0 0 0
0 0 0 0 0 0 0 0 0 0 0 0 0 0 0 0 0 0 0 0 0 0 0 0 0 0 0 0 0 0 0 0 0 0 0 104 103 103 104 103 103 104 104 103 104 104 104 103 104 104 104 103 103 103 103 104 104 104 103 103 105 106 105 106 106 105 105 105 103 104 104 103 105 104 103 103 103 103 116 103 103 104 105 104 104 104 105 104 114 102 103 104 105 104 104 104 104 103 103 103 102 101 102 102 103 104 105 105 106 106 102 102 102 103 105 104 104 104 104 102 104 104 105 106 105 105 104 105 106 106 106 106 0 0 0 0 0 0 0 0 0 0 0 0 0 0 0 0 0
0 0 0 0 0 0 0 0 0 0 0 0 0 0 0 0 0 0 0 0 0 0 0 0 0 0 0 0 0 0 0 0 0 103 104 103 103 103 104 103 103 104 103 103 104 104 103 103 104 105 103 103 103 102 103 104 105 105 103 103 105 104 106 106 106 106 104 106 102 114 103 103 104 105 114 104 104 105 116 114 100 114 104 104 104 105 105 104 103 105 104 104 103 103 103 104 104 104 122 104 103 103 102 103 101 103 102 102 102 102 104 104 104 105 106 106 104 104 104 104 104 104 105 105 105 105 104 102 104 105 106 105 0 0 0 0 0 0 0 0 0 0 0 0 0 0 0 0 0
0 0 0 0 0 0 0 0 0 0 0 0 0 0 0 0 0 0 0 0 0 0 0 0 0 0 0 0 0 0 0 0 104 105 105 104 104 103 104 104 103 104 103 103 104 104 104 103 103 103 102 103 103 103 105 103 104 104 104 104 102 102 105 103 103 103 105 103 100 100 102 104 105 105 104 103 103 104 104 103 114 103 116 114 103 105 104 104 104 105 104 104 103 103 105 105 104 105 105 106 105 106 103 103 102 102 102 103 104 102 103 105 105 104 105 105 105 105 105 105 105 105 106 105 105 104 104 104 105 105 105 105 0 0 0 0 0 0 0 0 0 0 0 0 0 0 0 0 0
0 0 0 0 0 0 0 0 0 0 0 0 0 0 0 0 0 0 0 0 0 0 0 0 0 0 0 0 0 0 0 104 104 104 104 104 105 104 104 104 104 104 104 104 104 103 104 103 103 103 102 115 103 103 103 104 104 105 105 103 102 102 103 100 103 102 103 103 114 103 104 104 104 104 104 104 103 103 103 103 103 104 114 114 114 103 105 104 104 104 104 104 104 103 105 104 103 104 105 105 105 105 105 105 103 102 102 102 104 103 103 104 105 105 105 105 106 106 105 106 104 105 104 105 105 104 104 103 105 106 105 104 0 0 0 0 0 0 0 0 0 0 0 0 0 0 0 0 0
0 0 0 0 0 0 0 0 0 0 0 0 0 0 0 0 0 0 0 0 0 0 0 0 0 0 0 0 0 104 104 103 104 104 104 104 104 104 104 104 103 104 105 103 104 103 103 103 103 103 101 102 102 103 102 102 104 104 104 104 103 102 103 103 114 102 105 103 114 104 104 104 105 105 104 102 103 103 106 106 105 103 104 103 103 104 105 104 103 103 104 104 103 114 103 114 104 104 103 104 105 104 105 104 105 103 105 103 102 105 105 104 104 106 105 104 105 105 106 104 105 105 106 106 106 105 104 105 105 105 106 105 105 0 0 0 0 0 0 0 0 0 0 0 0 0 0 0 0
0 0 0 0 0 0 0 0 0 0 0 0 0 0 0 0 0 0 0 0 0 0 0 0 0 0 0 0 103 105 103 103 105 104 103 104 103 104 104 104 104 104 104 105 103 102 103 102 103 114 102 101 101 114 114 101 102 104 102 104 104 103 104 104 103 104 102 103 104 103 105 104 105 105 105 105 105 105 105 105 105 104 103 103 103 103 116 105 104 103 104 104 104 104 104 103 102 103 103 104 104 114 104 105 105 105 105 105 105 105 105 103 103 105 105 105 104 105 105 105 105 105 105 104 105 104 105 105 105 104 105 105 105 106 0 0 0 0 0 0 0 0 0 0 0 0 0 0 0
0 0 0 0 0 0 0 0 0 0 0 0 0 0 0 0 0 0 0 0 0 0 0 0 0 0 0 104 103 105 105 104 104 104 104 105 103 103 104 104 104 105 104 104 104 104 103 103 103 103 103 102 101 102 102 102 115 103 115 104 104 105 104 104 104 104 103 114 103 104 104 104 105 105 105 105 105 105 104 104 105 105 105 103 104 103 103 104 104 103 104 104 104 104 104 103 103 104 103 103 104 114 103 104 105 105 104 105 105 105 104 103 102 104 105 106 105 105 105 105 105 105 105 104 105 105 105 105 105 104 105 105 105 105 0 0 0 0 0 0 0 0 0 0 0 0 0 0 0
0 0 0 0 0 0 0 0 0 0 0 0 0 0 0 0 0 0 0 0 0 0 0 0 0 0 104 104 103 105 105 103 104 103 104 105 104 104 104 103 103 104 104 104 105 105 105 106 103 102 104 104 103 103 101 101 104 104 103 104 105 106 106 106 105 104 103 105 105 105 106 106 106 106 105 105 105 106 102 104 104 104 104 103 104 105 104 105 105 105 104 103 104 104 104 103 104 115 102 103 103 103 104 104 104 104 104 104 104 104 104 103 104 105 106 105 106 106 106 106 106 106 106 105 105 105 104 105 106 104 104 104 104 104 105 0 0 0 0 0 0 0 0 0 0 0 0 0 0
0 0 0 0 0 0 0 0 0 0 0 0 0 0 0 0 0 0 0 0 0 0 0 0 0 103 103 103 103 104 103 103 104 104 104 105 104 104 104 103 104 104 104 104 105 105 104 104 104 104 104 103 103 106 105 105 105 104 104 104 106 105 105 106 106 103 102 103 106 105 106 105 106 104 103 103 103 103 102 102 104 104 104 105 104 104 105 104 104 105 115 104 115 105 105 105 104 105 104 104 103 114 103 104 104 114 114 114 114 104 104 104 104 106 105 106 105 105 105 106 105 105 106 105 105 104 105 105 105 105 104 104 104 104 105 105 0 0 0 0 0 0 0 0 0 0 0 0 0
0 0 0 0 0 0 0 0 0 0 0 0 0 0 0 0 0 0 0 0 0 0 0 0 0 103 103 103 103 104 103 103 104 104 105 104 105 104 104 104 104 104 104 104 104 105 104 104 104 104 104 103 104 105 105 105 105 104 104 104 104 104 105 105 105 104 103 104 105 105 105 104 104 103 102 102 102 104 102 102 104 104 104 105 103 104 105 105 105 104 105 115 115 115 105 105 104 104 115 103 103 103 114 103 115 103 103 114 103 104 104 104 105 106 106 105 105 105 105 105 104 105 105 104 105 104 104 104 105 104 104 104 104 104 105 104 105 106 0 0 0 0 0 0 0 0 0 0 0
0 0 0 0 0 0 0 0 0 0 0 0 0 0 0 0 0 0 0 0 0 0 0 0 103 103 103 103 114 103 105 103 104 104 104 103 104 104 104 104 104 104 105 105 106 106 105 105 104 103 105 105 105 106 105 105 105 106 105 105 105 106 106 105 105 104 104 104 104 103 104 104 104 103 115 102 103 103 104 103 104 104 105 103 105 105 105 105 105 104 103 104 104 103 104 103 115 104 115 115 115 115 102 102 115 103 103 103 104 105 103 104 103 105 104 103 103 103 104 104 103 104 104 105 104 111 104 104 105 105 105 104 104 104 104 103 104 104 106 0 0 0 0 0 0 0 0 0 0
0 0 0 0 0 0 0 0 0 0 0 0 0 0 0 0 0 0 0 0 0 0 0 0 115 103 104 104 104 104 104 103 103 105 105 103 104 104 104 104 104 104 104 106 106 105 105 105 105 105 105 105 105 106 105 105 105 105 106 106 106 106 104 106 106 104 104 104 105 104 103 105 105 105 104 104 103 102 102 103 104 105 105 104 105 104 105 104 104 103 104 104 104 104 103 102 102 102 102 102 102 102 103 103 105 115 104 103 103 104 104 103 116 104 103 103 100 103 103 104 105 104 103 105 104 104 104 104 105 105 105 105 105 104 105 105 105 105 104 104 0 0 0 0 0 0 0 0 0
0 0 0 0 0 0 0 0 0 0 0 0 0 0 0 0 0 0 0 0 0 0 104 104 103 103 103 104 104 104 103 103 103 105 105 104 103 102 104 104 104 103 103 103 116 105 105 116 105 106 106 106 105 106 105 105 105 106 106 106 105 106 104 104 105 104 104 103 105 104 103 105 105 104 106 105 103 104 104 114 104 105 105 104 104 104 105 104 104 104 104 104 104 116 103 102 103 102 102 103 102 103 111 105 105 105 115 111 111 115 104 104 104 104 104 104 103 100 104 105 104 104 104 104 105 104 104 104 104 105 105 105 105 105 105 105 105 105 105 104 0 0 0 0 0 0 0 0 0
0 0 0 0 0 0 0 0 0 0 0 0 0 0 0 0 0 0 0 0 105 104 104 104 104 103 103 104 104 104 103 102 105 105 103 102 104 105 103 104 104 104 104 104 106 105 105 103 104 106 106 106 106 106 105 105 105 105 105 106 106 105 105 105 103 104 105 105 104 104 104 105 104 104 104 104 105 103 102 103 105 105 106 104 105 105 106 105 105 105 105 105 104 104 104 103 103 103 104 104 103 104 103 103 115 103 103 115 103 105 105 105 104 112 105 104 105 104 105 103 105 105 105 103 103 104 104 104 104 104 105 104 105 105 105 104 105 105 105 105 105 0 0 0 0 0 0 0 0
0 0 0 0 0 0 0 0 0 0 0 0 0 0 0 103 104 104 104 104 103 103 104 104 104 104 104 104 104 103 103 103 103 102 103 103 103 103 104 104 104 104 105 106 104 103 103 104 103 104 106 106 106 105 104 104 105 104 105 105 105 104 103 103 104 104 104 105 105 104 104 105 103 104 105 105 103 103 102 103 104 105 105 106 105 105 106 106 105 105 104 104 105 103 103 103 104 103 103 103 104 105 105 103 103 104 103 105 105 104 105 104 105 105 105 105 105 105 104 104 104 103 104 105 105 105 115 104 105 104 104 104 104 104 105 104 104 105 105 105 105 0 0 0 0 0 0 0 0
0 0 0 0 0 0 0 0 0 0 0 0 0 0 103 104 104 105 104 104 103 104 104 103 104 104 104 106 103 104 105 103 103 103 103 104 103 103 104 104 104 104 104 104 104 103 103 103 104 104 104 106 106 106 105 105 105 105 105 105 105 104 103 104 104 104 104 105 105 104 104 105 103 103 105 104 104 102 103 114 104 105 105 105 106 106 105 106 105 105 104 104 104 103 103 103 105 104 104 103 104 105 104 104 104 104 104 105 105 105 105 104 104 105 105 105 104 105 105 104 103 104 105 105 105 105 105 105 105 105 105 104 104 104 104 116 104 105 104 104 105 0 0 0 0 0 0 0 0
0 0 0 0 0 0 0 0 0 0 0 0 0 104 100 116 104 105 104 104 104 103 103 104 105 105 103 103 104 105 103 103 105 104 106 104 103 104 104 104 104 104 104 103 104 104 104 106 104 104 104 104 104 106 105 105 105 105 105 105 104 102 104 103 104 103 103 104 104 104 104 105 104 103 103 104 104 104 114 102 105 105 106 106 105 105 105 105 106 105 104 104 104 104 104 104 104 114 103 104 105 105 104 104 105 105 106 105 104 105 104 105 104 105 106 105 103 106 106 106 105 105 105 105 105 105 104 105 105 105 105 105 105 103 104 104 103 104 111 111 106 0 0 0 0 0 0 0 0
0 0 0 0 0 0 0 0 0 0 0 0 103 103 103 104 105 105 105 104 105 104 105 105 104 105 104 104 104 105 104 104 106 104 104 103 105 105 105 105 105 104 104 104 104 104 104 106 104 104 103 104 104 106 107 105 105 105 105 105 105 105 104 106 103 104 104 104 105 105 105 104 104 105 104 103 103 104 104 103 103 106 106 105 105 104 105 106 106 105 105 105 104 105 105 105 104 105 104 105 105 105 105 105 106 105 105 105 104 103 104 105 106 105 105 105 105 105 106 106 105 105 106 105 105 104 104 104 102 104 104 103 115 111 105 106 105 105 115 0 0 0 0 0 0 0 0 0 0
0 0 0 0 0 0 0 0 0 0 0 103 104 104 117 104 104 105 105 104 105 105 104 104 104 104 104 104 105 104 104 103 104 105 104 104 105 104 105 105 104 104 103 106 104 104 104 106 104 104 104 104 104 106 105 105 105 105 105 104 105 105 104 105 105 104 104 103 105 105 105 104 104 105 105 104 102 103 104 104 105 106 106 103 104 104 105 105 106 105 105 105 105 104 104 105 104 105 104 105 105 105 105 105 105 105 105 105 103 102 103 104 105 106 105 106 106 106 106 106 106 105 106 104 105 105 104 104 103 102 103 115 115 115 105 106 106 103 0 0 0 0 0 0 0 0 0 0 0
0 0 0 0 0 0 0 0 0 0 0 104 104 104 103 104 105 105 105 105 105 105 105 104 105 105 105 105 104 104 104 104 105 104 103 104 105 106 104 104 105 105 103 106 104 104 104 103 104 103 104 104 105 106 105 105 105 105 105 104 105 105 105 103 104 105 104 105 105 105 105 105 105 105 103 105 103 102 104 104 105 105 105 104 103 104 105 105 105 106 105 105 104 105 105 105 105 104 104 105 106 105 105 105 105 105 105 105 104 104 104 105 105 105 106 106 105 104 105 106 106 105 106 105 105 104 104 104 104 104 104 103 105 105 105 103 103 102 0 0 0 0 0 0 0 0 0 0 0
0 0 0 0 0 0 0 0 0 0 0 104 103 103 104 104 104 105 104 103 105 104 104 104 104 105 105 104 104 104 104 106 104 104 104 106 105 105 105 105 104 105 104 104 104 104 104 104 105 105 105 105 105 105 105 104 106 104 104 106 106 105 106 103 104 103 105 104 106 105 105 105 105 106 104 104 103 103 102 103 105 105 105 105 106 106 105 105 106 104 105 106 104 105 106 106 104 104 105 106 106 105 105 105 105 104 104 103 104 104 104 106 106 106 105 105 105 105 105 105 105 106 106 106 105 104 104 104 105 115 104 104 115 105 114 114 101 103 0 0 0 0 0 0 0 0 0 0 0
0 0 0 0 0 0 0 0 0 0 104 104 104 103 103 104 104 104 104 104 105 105 105 105 105 105 104 104 104 106 104 104 104 104 104 105 106 105 105 104 105 105 104 116 104 105 105 105 106 105 105 105 105 105 105 105 105 105 105 103 105 105 104 104 105 103 105 105 105 105 105 105 105 106 106 104 103 103 103 104 106 105 105 105 106 104 106 104 104 105 106 106 104 105 106 105 106 106 106 105 105 104 106 105 105 104 103 104 103 103 104 105 106 106 105 105 103 105 105 104 105 106 106 105 104 105 104 104 104 115 105 104 104 104 104 103 103 103 0 0 0 0 0 0 0 0 0 0 0
0 0 0 0 0 0 0 0 0 0 104 104 103 103 103 104 104 104 103 104 104 104 104 104 104 104 104 106 104 104 104 104 104 105 105 104 106 106 105 105 104 104 104 104 104 105 106 105 105 105 106 105 106 105 105 105 105 105 105 106 106 104 106 103 104 105 105 105 104 106 106 103 104 104 105 104 104 106 105 105 106 104 105 106 106 104 102 104 104 104 106 106 107 106 105 106 106 106 106 106 106 106 106 106 105 105 103 105 105 104 104 105 106 105 104 104 104 104 103 103 104 106 106 105 105 104 104 104 104 103 104 115 104 104 104 104 104 104 0 0 0 0 0 0 0 0 0 0 0
0 0 0 0 0 0 0 0 0 0 115 103 116 114 103 104 104 105 104 104 104 104 104 104 104 104 104 106 104 103 115 115 104 105 105 104 104 105 105 105 104 106 104 103 104 104 104 104 105 104 104 105 105 105 105 105 105 105 106 106 104 105 103 104 104 105 105 105 105 105 106 105 104 105 105 105 105 105 106 105 106 105 105 105 105 104 105 104 105 106 106 106 105 104 105 105 106 106 106 105 105 106 106 106 106 105 105 105 104 105 104 105 105 105 103 104 103 104 104 103 106 106 106 105 104 104 104 105 104 104 104 104 104 105 105 104 104 105 0 0 0 0 0 0 0 0 0 0 0
0 0 0 0 0 0 0 0 0 103 116 115 115 114 116 104 105 104 103 104 104 103 103 104 104 104 104 104 105 117 103 103 103 104 104 103 104 104 104 104 104 106 106 104 104 104 104 104 105 104 104 104 105 105 106 105 105 105 105 106 103 105 103 104 105 105 105 105 106 106 105 106 105 105 104 104 105 105 106 106 106 106 105 106 105 104 105 103 105 106 105 105 105 105 105 106 106 107 106 105 106 106 106 106 106 105 105 105 105 104 104 105 106 105 104 104 104 104 104 105 105 106 105 105 104 104 104 105 105 104 103 104 104 105 105 105 104 104 0 0 0 0 0 0 0 0 0 0 0
0 0 0 0 0 0 0 0 103 103 116 115 114 114 116 104 104 104 104 115 104 103 104 104 106 104 104 104 103 103 104 104 106 103 103 103 104 104 105 106 105 106 104 104 104 104 104 104 105 104 104 104 104 106 105 105 105 105 105 106 106 104 103 105 105 105 104 104 106 105 105 105 106 105 104 102 102 105 115 105 106 105 105 105 103 103 104 103 104 104 105 105 106 106 106 106 106 106 106 106 105 106 106 106 105 105 104 105 106 105 104 105 105 105 103 104 104 104 104 105 106 105 105 105 104 104 104 104 104 103 103 105 105 105 105 105 105 105 0 0 0 0 0 0 0 0 0 0 0
0 0 0 0 0 0 0 104 103 103 103 115 116 116 116 104 104 105 103 103 103 103 103 103 104 104 103 103 104 103 104 104 104 103 103 103 104 104 105 105 104 104 104 104 104 104 104 106 106 104 104 103 103 104 104 104 104 105 105 105 106 105 104 106 104 103 104 104 106 106 106 105 103 103 104 103 104 104 104 104 105 104 104 105 114 115 104 104 104 105 104 105 106 106 106 106 106 106 106 105 106 106 106 106 105 105 105 105 106 106 104 104 105 105 105 104 104 104 105 106 105 105 105 105 104 104 104 104 104 103 104 105 105 105 106 105 105 105 0 0 0 0 0 0 0 0 0 0 0
0 0 0 0 0 0 104 103 103 103 103 103 104 103 103 104 104 105 103 103 103 104 103 104 104 103 103 104 103 103 104 104 106 106 103 103 103 105 105 104 104 105 104 104 104 103 104 106 104 104 104 104 103 104 105 104 106 105 105 105 105 105 105 105 104 103 105 105 106 106 106 103 104 104 106 104 103 104 105 105 105 104 105 105 114 103 104 104 104 104 106 105 106 105 105 106 105 105 106 106 106 106 106 105 105 105 105 105 104 105 104 105 105 105 106 105 104 105 106 105 104 105 105 105 104 103 104 104 104 104 104 105 105 105 106 105 105 106 0 0 0 0 0 0 0 0 0 0 0
0 0 0 0 0 0 103 103 104 104 103 116 116 103 116 104 104 103 103 104 103 103 103 103 104 104 104 104 106 105 104 103 105 105 105 104 104 104 104 104 103 104 104 104 104 104 106 106 106 105 105 104 105 105 106 105 105 105 104 105 105 105 105 103 104 104 104 103 105 104 103 104 104 104 103 103 103 103 103 103 104 103 103 105 103 104 103 104 104 105 106 106 105 106 106 105 104 104 104 106 106 106 106 106 106 104 103 103 104 104 105 105 105 105 104 104 106 105 105 105 105 105 105 104 104 103 104 104 104 104 105 105 105 105 105 105 105 105 0 0 0 0 0 0 0 0 0 0 0
0 0 0 0 0 0 103 103 103 103 103 103 116 116 114 104 103 103 103 103 104 103 103 116 103 106 103 104 104 104 105 105 104 104 104 104 104 104 104 105 104 104 104 104 105 106 105 106 106 105 105 105 105 105 105 106 105 105 104 106 105 103 103 105 103 105 105 104 104 104 104 104 104 103 106 104 103 105 105 105 104 104 103 105 102 114 105 104 105 105 106 105 105 105 105 105 106 106 106 105 106 106 106 106 105 104 104 104 104 104 104 106 106 106 106 106 106 104 105 105 106 106 105 105 104 104 105 105 103 104 103 104 104 105 105 105 105 105 0 0 0 0 0 0 0 0 0 0 0
0 0 0 0 0 0 103 103 103 103 103 103 104 117 114 104 104 104 103 103 103 103 104 103 103 103 104 104 104 104 105 105 105 103 104 104 104 104 105 104 103 104 105 105 106 106 105 106 106 106 105 105 105 105 105 104 104 104 103 105 105 105 104 105 105 104 104 104 104 104 104 104 104 104 103 104 106 105 105 105 104 104 104 104 103 103 105 105 105 105 106 106 105 105 105 105 104 105 106 105 105 106 106 106 106 106 105 104 105 104 105 106 106 106 106 106 106 105 105 105 106 106 105 105 105 104 105 104 104 104 105 104 104 105 105 105 105 104 0 0 0 0 0 0 0 0 0 0 0
0 0 0 0 0 0 116 103 103 103 103 103 103 116 103 104 105 104 103 100 103 102 103 104 105 105 104 103 103 104 104 104 104 104 104 104 104 104 103 104 104 104 104 104 105 105 105 106 104 105 105 105 105 105 103 103 106 104 104 104 104 105 106 104 105 106 105 106 103 105 104 104 103 103 104 104 105 106 105 105 105 105 104 105 103 103 106 104 105 105 106 106 106 106 106 105 105 103 105 106 106 106 107 106 106 106 105 105 104 105 106 106 106 106 105 106 105 106 106 100 104 106 105 105 104 105 105 105 104 104 104 105 104 105 105 105 105 105 0 0 0 0 0 0 0 0 0 0 0
0 0 0 0 0 0 103 103 103 104 104 103 104 117 116 103 115 104 103 103 104 103 102 104 104 103 104 104 104 105 104 104 104 104 106 103 103 103 103 103 105 105 105 105 106 106 106 106 104 105 105 106 106 105 104 103 103 103 104 103 105 105 105 105 105 104 105 105 104 104 105 103 104 104 105 105 105 106 105 105 105 105 105 104 105 104 105 105 105 104 105 106 106 106 105 105 105 105 106 106 106 105 105 106 106 106 106 105 105 104 105 106 106 106 106 106 105 106 105 103 101 102 103 105 105 105 105 105 106 105 105 105 105 105 105 106 104 105 0 0 0 0 0 0 0 0 0 0 0
0 0 0 0 0 0 116 103 103 104 103 103 117 116 103 104 115 103 104 104 104 104 103 105 104 104 104 104 104 105 104 105 104 104 103 103 103 104 103 106 105 105 105 105 106 105 106 106 106 105 105 105 106 104 106 106 103 103 104 104 104 105 105 105 105 104 104 105 105 104 104 104 105 105 105 105 105 105 104 104 105 105 105 105 104 103 103 105 105 105 106 106 106 105 105 105 105 105 105 106 105 106 105 105 106 106 105 106 106 104 104 106 106 105 106 106 106 105 104 103 101 101 103 104 105 106 105 104 105 105 106 106 106 106 106 105 105 106 0 0 0 0 0 0 0 0 0 0 0
0 0 0 0 0 0 104 103 104 103 103 104 103 103 103 104 104 103 104 104 104 104 104 104 104 104 104 106 103 104 104 104 104 103 103 114 103 103 103 103 104 104 105 105 104 103 104 104 105 105 104 106 106 103 103 103 104 106 104 103 104 104 104 105 105 104 103 104 103 104 104 103 104 105 105 105 105 104 104 105 104 104 105 105 105 104 105 105 105 106 106 106 105 105 104 105 105 104 105 105 106 106 106 106 106 106 105 106 105 105 104 106 106 106 106 106 106 106 105 104 101 101 101 103 102 103 105 105 105 106 106 105 105 106 106 104 104 105 105 0 0 0 0 0 0 0 0 0 0
0 0 0 0 0 0 116 103 103 103 103 116 114 116 116 116 103 104 104 105 104 104 104 104 104 104 104 104 106 106 103 103 104 103 103 114 104 104 104 104 104 104 104 104 105 105 105 105 103 104 105 103 105 105 103 104 103 103 104 104 104 103 103 104 103 104 103 103 104 104 104 105 104 105 105 104 105 104 104 104 106 104 104 105 104 105 105 105 105 104 105 105 106 105 105 105 104 106 105 105 106 105 106 106 106 105 105 106 106 106 104 105 106 107 107 107 105 105 106 106 101 101 102 102 102 104 104 104 105 105 105 105 105 105 104 105 105 105 106 0 0 0 0 0 0 0 0 0 0
0 0 0 0 0 0 103 103 116 104 104 103 114 103 116 103 104 104 105 105 105 104 104 104 104 106 104 104 104 104 106 104 103 114 114 103 103 104 104 103 103 104 104 104 105 105 105 105 106 105 105 104 105 105 104 104 103 104 104 103 104 104 103 104 104 104 103 102 104 104 104 105 103 103 105 103 104 104 104 104 104 104 104 104 103 103 106 104 104 105 106 105 105 105 105 105 104 103 105 106 105 105 106 105 106 106 105 106 106 106 105 106 106 107 106 106 105 105 106 106 105 104 104 103 102 105 104 104 105 105 106 106 105 104 104 105 105 106 105 0 0 0 0 0 0 0 0 0 0
0 0 0 0 0 0 103 103 103 103 103 116 114 103 114 104 104 103 104 104 104 103 104 104 105 104 106 104 104 106 104 106 103 104 104 104 103 104 105 104 105 104 103 104 104 105 105 105 105 104 106 105 105 104 104 103 103 103 104 104 106 105 105 104 105 105 105 104 103 104 105 105 104 103 104 105 104 104 104 105 104 104 104 106 105 105 104 104 105 104 106 106 106 105 105 103 115 103 103 105 106 106 105 105 106 106 105 105 104 105 106 105 105 106 106 106 105 104 105 105 106 105 105 105 105 105 105 105 105 105 104 105 105 104 104 105 105 106 106 0 0 0 0 0 0 0 0 0 0
0 0 0 0 0 0 103 103 114 114 103 114 114 103 103 104 103 104 104 116 104 106 104 104 104 106 104 104 104 104 104 104 104 104 104 104 104 104 104 104 104 105 105 104 104 104 105 104 105 105 105 104 105 105 103 104 105 105 106 106 105 105 105 104 104 105 104 104 105 104 105 104 105 104 104 105 105 105 105 105 106 106 104 104 106 106 105 105 105 105 105 105 106 105 105 103 104 105 103 104 105 106 107 107 105 105 106 105 103 103 104 104 106 105 106 106 106 104 104 104 105 105 105 106 105 104 105 105 104 105 105 106 105 105 106 105 105 105 105 0 0 0 0 0 0 0 0 0 0
0 0 0 0 0 0 103 103 103 103 114 103 103 116 116 103 104 104 103 105 105 104 104 104 104 106 104 104 104 104 104 104 103 104 104 104 104 103 104 104 104 105 105 105 105 104 105 103 104 104 105 104 104 104 103 105 106 105 105 106 104 105 105 104 103 104 103 104 103 104 104 104 105 105 103 105 105 105 105 105 105 104 104 105 106 106 105 104 105 105 104 104 107 105 104 103 104 105 105 104 104 106 107 106 105 105 105 105 103 104 104 105 106 106 106 106 105 104 105 104 104 104 105 105 105 105 105 105 104 104 105 105 106 105 105 105 105 105 105 105 0 0 0 0 0 0 0 0 0
0 0 0 0 0 0 103 103 103 103 103 116 116 118 103 104 104 104 104 104 104 104 104 104 104 103 102 104 105 104 104 104 104 104 104 104 106 104 104 105 104 105 105 105 104 104 105 103 103 104 105 105 105 104 103 116 105 105 105 104 103 104 103 103 103 103 114 103 103 105 105 104 105 105 104 105 105 104 104 105 104 104 104 105 105 105 105 103 104 105 105 105 105 105 105 105 103 104 105 104 106 107 107 107 105 105 105 106 104 104 104 103 106 106 106 105 105 104 104 104 105 104 105 104 105 104 104 105 105 105 104 105 105 105 106 104 103 104 105 105 0 0 0 0 0 0 0 0 0
0 0 0 0 0 103 103 104 116 116 116 104 116 103 104 104 104 105 105 103 104 103 104 104 104 104 103 104 104 104 104 122 104 104 103 103 104 104 105 104 105 103 104 105 105 103 103 104 104 103 105 105 105 105 105 104 105 104 104 105 104 103 104 104 104 104 103 104 103 104 104 105 105 104 103 105 104 105 105 105 105 105 105 105 104 105 105 105 103 103 104 104 105 105 106 106 104 105 104 103 106 105 106 106 106 105 106 105 106 105 103 106 106 106 106 106 104 104 104 105 106 106 106 106 105 104 105 106 106 105 106 105 105 105 106 115 115 104 104 104 0 0 0 0 0 0 0 0 0
0 0 0 0 0 104 103 103 104 104 116 104 104 103 104 104 104 104 104 104 104 104 104 104 105 104 122 122 122 105 105 104 122 104 103 104 104 104 104 105 105 104 104 104 105 104 104 104 104 104 105 105 105 105 106 104 105 104 105 104 103 104 104 103 116 104 104 105 103 104 103 105 105 104 105 105 105 105 104 104 104 104 104 106 104 105 105 104 103 104 104 104 104 106 106 105 105 104 104 104 106 105 105 106 105 106 105 106 106 106 104 106 107 106 106 105 104 106 105 105 106 106 106 105 106 104 106 106 105 105 105 105 105 106 106 103 115 104 105 105 0 0 0 0 0 0 0 0 0
0 0 0 0 0 104 104 104 104 104 104 104 105 104 104 104 104 103 104 103 103 104 104 122 104 104 104 104 104 102 103 106 122 122 122 104 104 103 104 103 104 105 103 104 122 103 103 103 104 105 105 105 105 106 107 105 104 104 114 103 104 104 103 103 104 104 103 115 103 105 105 103 105 105 105 105 105 105 105 105 105 104 104 104 105 105 104 103 103 104 103 105 104 105 106 106 105 105 105 105 105 105 105 106 106 105 105 106 105 105 106 105 105 106 106 106 106 105 105 105 105 105 104 104 104 104 105 105 105 105 104 107 105 104 104 115 114 105 105 105 0 0 0 0 0 0 0 0 0
0 0 0 0 104 104 104 104 104 104 104 104 105 104 105 104 104 104 104 104 104 104 104 104 122 104 104 106 104 104 104 122 104 104 103 104 104 104 102 122 122 122 104 103 103 122 100 103 104 104 105 106 106 106 105 105 104 103 104 103 103 103 104 103 104 103 104 103 103 105 104 105 106 106 106 106 105 105 105 105 105 105 105 104 105 105 104 104 103 103 104 105 104 105 106 106 105 105 105 105 105 105 105 105 106 106 106 105 105 105 105 105 105 106 105 106 105 104 104 104 105 104 106 104 105 105 106 106 105 104 105 106 104 104 105 105 104 104 106 106 0 0 0 0 0 0 0 0 0
0 0 0 104 104 104 103 104 104 104 105 104 104 105 104 104 104 104 103 103 104 104 104 104 122 104 106 104 104 104 104 102 104 104 103 104 104 104 102 122 122 122 116 122 103 122 103 103 103 105 106 106 105 106 105 105 104 114 114 103 104 104 103 103 104 104 103 104 103 105 104 105 106 106 106 106 106 106 105 104 105 106 105 104 105 105 104 103 103 103 103 105 105 105 105 106 106 106 105 104 105 105 106 105 105 106 106 105 105 105 105 105 105 106 105 106 105 104 104 104 105 105 104 105 105 106 106 105 105 104 104 105 105 105 104 104 105 104 105 105 0 0 0 0 0 0 0 0 0
0 0 0 103 104 104 103 104 104 104 104 104 105 104 104 104 104 104 104 104 104 104 104 102 122 104 104 104 104 104 104 104 104 104 104 104 103 106 102 101 103 103 104 104 104 103 103 103 103 104 105 105 105 106 105 105 105 104 103 106 104 104 103 104 104 105 104 105 104 105 105 105 106 105 106 106 106 105 105 105 105 105 106 105 105 105 104 103 103 103 103 103 112 105 105 107 106 106 105 103 103 105 105 105 105 106 105 105 105 105 105 105 105 106 106 106 104 104 104 104 106 106 106 104 106 106 105 105 105 104 104 105 106 105 104 104 104 103 103 115 0 0 0 0 0 0 0 0 0
0 0 0 103 104 104 104 104 103 104 104 105 104 104 104 104 104 104 104 104 104 104 104 104 104 104 104 104 104 104 104 104 104 103 103 104 104 103 104 104 104 104 122 102 117 102 101 106 104 104 105 105 105 104 105 105 104 105 104 105 105 104 105 103 104 104 104 104 104 105 104 105 105 105 106 106 106 105 105 105 105 105 105 105 104 104 104 104 103 103 103 103 115 104 104 106 106 105 106 104 104 106 105 105 105 105 105 104 105 105 104 105 105 105 106 106 105 105 104 105 104 106 106 105 106 106 106 105 105 104 104 103 104 103 104 105 103 115 103 114 0 0 0 0 0 0 0 0 0
0 0 104 103 103 104 104 104 103 104 104 103 105 105 104 104 104 104 104 104 104 104 104 104 104 104 103 104 104 104 104 104 104 103 103 104 104 104 104 102 104 122 101 104 103 102 122 104 103 104 105 105 105 105 105 105 105 105 105 105 105 104 104 103 103 104 103 104 104 104 105 104 105 105 105 105 106 106 105 105 106 105 105 105 105 104 104 103 103 103 103 104 104 105 104 104 104 105 104 106 105 105 105 105 105 106 105 105 106 104 104 104 104 104 106 105 104 104 105 104 105 106 104 105 106 106 105 106 106 104 115 104 103 104 105 104 103 114 103 114 103 0 0 0 0 0 0 0 0
0 0 103 114 103 104 104 105 103 103 104 103 103 105 104 104 104 104 104 104 104 104 104 104 104 104 104 104 104 104 106 104 104 104 104 102 104 104 104 122 104 102 104 102 104 102 104 104 103 103 103 104 106 105 104 104 104 104 104 104 105 105 103 116 104 104 104 104 104 105 104 104 104 103 105 105 105 105 105 104 104 104 106 104 103 104 103 103 104 104 103 103 104 105 104 104 106 104 106 106 104 104 105 104 105 105 105 105 105 104 104 104 104 104 103 106 106 104 104 104 104 106 106 104 104 106 105 104 106 105 104 104 104 105 105 114 114 103 104 104 105 0 0 0 0 0 0 0 0
0 0 103 103 103 103 103 103 104 104 104 102 104 104 105 104 104 104 104 104 104 104 104 104 104 104 104 104 106 104 104 104 104 104 104 103 104 104 104 104 102 106 101 122 122 122 103 104 104 104 105 104 105 106 105 105 104 105 105 105 104 104 102 103 103 104 104 103 104 105 104 103 102 104 104 105 104 105 106 105 103 104 103 104 106 103 104 104 103 103 104 104 104 104 103 103 104 104 103 104 104 104 105 105 105 104 105 104 104 104 104 104 105 105 105 105 104 105 105 104 105 106 106 106 105 106 105 105 106 106 105 104 105 105 105 104 102 104 105 105 105 0 0 0 0 0 0 0 0
0 0 103 126 103 103 103 103 103 104 104 103 105 105 104 104 104 104 104 104 104 104 104 104 104 104 104 104 104 104 104 106 104 104 104 102 104 104 104 104 104 103 101 102 102 122 122 104 104 104 104 103 105 105 105 105 104 105 105 105 105 104 103 103 104 105 103 104 104 105 104 103 104 104 104 103 104 105 105 104 104 104 104 104 106 103 103 103 103 103 104 104 104 103 103 104 104 105 103 106 104 106 105 105 104 104 104 104 104 104 104 103 104 105 105 105 104 105 105 104 105 106 106 106 106 105 106 105 106 105 105 103 105 106 106 104 114 105 105 105 105 105 0 0 0 0 0 0 0
0 0 0 103 103 103 105 104 105 104 104 103 105 105 106 104 106 103 105 105 104 104 104 104 104 104 104 103 106 103 104 104 104 104 104 104 104 104 104 104 104 101 103 103 104 102 104 104 104 103 105 104 104 105 106 105 104 105 105 105 104 104 103 100 100 103 102 105 105 105 105 105 104 104 104 104 104 105 106 104 106 103 104 104 103 104 104 122 104 104 103 103 103 104 103 104 106 105 104 104 104 104 105 104 104 104 104 103 106 104 104 104 105 105 105 105 105 104 105 104 106 106 106 106 105 106 105 105 105 104 102 103 106 104 105 104 104 105 105 105 105 104 0 0 0 0 0 0 0
0 0 0 0 103 127 103 104 106 104 104 102 104 103 104 104 103 103 104 104 106 104 104 103 103 104 0 0 0 0 0 0 104 104 104 104 104 101 102 103 101 122 104 104 103 122 122 100 103 104 104 103 104 103 104 105 103 103 104 105 103 103 103 103 103 103 105 105 103 106 104 104 104 104 103 103 104 104 104 104 106 104 104 104 106 103 104 103 103 103 104 103 105 106 105 104 103 104 105 104 104 104 104 104 104 104 104 103 103 104 104 104 103 105 105 105 105 104 105 104 106 106 106 106 106 105 106 106 104 103 114 105 105 104 106 104 104 104 105 105 104 103 115 0 0 0 0 0 0
0 0 0 0 0 103 103 103 103 102 105 104 104 104 104 104 103 103 103 106 106 104 104 0 0 0 0 0 0 0 0 0 103 122 104 103 104 122 104 101 122 104 104 104 103 100 122 100 104 104 105 104 104 103 103 103 104 103 105 104 103 102 103 103 103 103 104 104 104 104 104 103 104 104 104 104 103 104 104 104 106 103 104 104 104 104 104 103 103 104 105 105 106 106 106 104 103 104 104 105 104 104 104 104 104 103 103 103 104 104 104 103 106 105 105 105 105 105 104 105 106 105 106 106 106 105 105 106 104 103 114 104 105 104 105 104 104 104 104 104 106 103 102 0 0 0 0 0 0
0 0 0 0 0 0 0 103 103 103 103 104 103 103 103 102 103 115 103 103 104 0 0 0 0 0 0 0 0 0 0 0 0 115 122 104 104 104 101 104 102 122 104 103 122 103 104 106 104 104 104 103 103 103 102 104 105 104 104 103 116 115 102 114 101 103 103 104 105 103 104 104 104 104 104 104 104 106 104 104 103 103 104 103 104 104 104 104 104 106 105 105 104 106 104 106 106 105 104 104 104 104 106 104 104 106 104 104 104 103 103 104 106 103 105 106 104 104 104 105 106 105 106 106 104 104 106 106 104 111 103 106 104 103 104 105 105 104 104 104 104 114 103 0 0 0 0 0 0
0 0 0 0 0 0 0 0 104 0 0 0 0 0 0 0 0 0 0 116 0 0 0 0 0 0 0 0 0 0 0 0 0 0 0 103 104 102 122 122 103 104 103 103 103 103 104 104 104 103 103 100 102 103 103 103 104 103 103 104 102 102 115 115 101 103 103 104 104 103 106 104 103 103 104 103 103 104 105 104 106 104 103 103 103 103 102 104 104 106 104 104 104 106 106 104 104 105 104 104 106 104 104 106 104 104 104 103 103 103 103 104 104 106 105 106 106 105 105 105 105 105 106 106 106 105 105 105 104 103 104 106 106 106 103 105 104 105 104 104 103 102 103 0 0 0 0 0 0
0 0 0 0 0 0 0 0 0 0 0 0 0 0 0 0 0 0 0 0 0 0 0 0 0 0 0 0 0 0 0 0 0 0 0 0 103 103 122 122 102 104 104 103 104 122 103 104 104 103 114 106 103 103 103 104 105 103 104 104 103 101 115 115 115 102 104 104 104 104 104 104 104 104 104 104 104 104 104 106 104 103 104 104 103 104 104 104 104 104 106 104 104 106 106 103 104 106 105 103 104 104 104 104 104 104 104 104 102 104 104 104 104 106 105 105 105 104 105 105 105 105 105 105 106 106 107 106 106 106 106 106 104 105 105 105 104 104 105 104 103 102 103 0 0 0 0 0 0
0 0 0 0 0 0 0 0 0 0 0 0 0 0 0 0 0 0 0 0 0 0 0 0 0 0 0 0 0 0 0 0 0 0 0 0 103 123 122 103 104 104 104 104 104 103 104 103 103 103 103 104 105 104 103 104 104 104 103 104 104 104 103 101 103 104 104 105 103 103 104 104 104 104 104 104 104 106 104 104 104 104 104 104 104 104 104 105 104 105 104 104 104 103 103 103 104 104 104 104 104 103 103 106 103 103 104 104 102 103 101 104 104 105 105 105 104 105 105 106 104 106 105 105 105 105 106 106 105 106 105 114 103 103 105 104 104 104 104 104 103 104 105 0 0 0 0 0 0
0 0 0 0 0 0 0 0 0 0 0 0 0 0 0 0 0 0 0 0 0 0 0 0 0 0 0 0 0 0 0 0 0 0 0 0 0 0 0 0 0 0 0 0 122 103 103 103 105 104 103 103 106 104 105 105 103 103 104 103 104 104 105 103 103 104 105 105 103 106 105 104 104 104 104 105 105 105 104 104 104 104 104 104 104 105 104 103 105 104 104 104 102 104 102 104 104 103 104 103 103 103 103 122 103 104 104 104 103 102 104 104 104 104 105 105 106 105 105 104 105 104 106 105 105 105 106 106 103 105 105 105 104 106 104 114 114 104 104 104 104 104 104 0 0 0 0 0 0
0 0 0 0 0 0 0 0 0 0 0 0 0 0 0 0 0 0 0 0 0 0 0 0 0 0 0 0 0 0 0 0 0 0 0 0 0 0 0 0 0 0 0 0 0 103 104 103 104 104 104 104 103 104 105 105 103 106 103 104 104 104 105 105 105 104 105 105 104 104 104 105 104 104 104 105 105 105 104 104 104 104 104 104 105 104 104 105 104 104 122 103 122 103 102 103 102 122 104 104 103 103 103 103 122 104 104 103 104 102 104 104 104 106 106 105 106 104 104 104 105 105 105 106 106 106 106 106 104 104 104 106 105 104 114 114 114 104 104 104 104 104 103 104 0 0 0 0 0
0 0 0 0 0 0 0 0 0 0 0 0 0 0 0 0 0 0 0 0 0 0 0 0 0 0 0 0 0 0 0 0 0 0 0 0 0 0 0 0 0 0 0 0 0 0 0 0 0 0 0 0 0 0 0 0 0 0 0 102 104 103 105 105 105 104 105 104 104 104 104 104 105 104 104 105 105 105 105 103 105 104 104 104 104 105 104 104 104 104 104 104 104 103 103 103 104 104 104 103 104 103 122 122 103 104 106 104 101 103 103 103 103 104 105 104 104 104 105 104 105 105 105 106 106 104 104 104 104 104 105 105 105 105 104 104 103 105 105 105 104 104 104 103 0 0 0 0 0
0 0 0 0 0 0 0 0 0 0 0 0 0 0 0 0 0 0 0 0 0 0 0 0 0 0 0 0 0 0 0 0 0 0 0 0 0 0 0 0 0 0 0 0 0 0 0 0 0 0 0 0 0 0 0 0 0 0 0 0 0 104 104 104 104 102 105 105 104 104 104 105 104 104 104 105 105 105 104 105 104 105 0 0 0 0 0 0 0 0 103 104 103 104 104 103 103 103 104 104 104 122 103 103 103 104 104 103 104 104 104 103 103 105 104 104 104 104 104 104 105 106 104 105 105 106 106 106 105 105 104 105 104 105 106 104 104 105 105 105 106 105 105 104 0 0 0 0 0
0 0 0 0 0 0 0 0 0 0 0 0 0 0 0 0 0 0 0 0 0 0 0 0 0 0 0 0 0 0 0 0 0 0 0 0 0 0 0 0 0 0 0 0 0 0 0 0 0 0 0 0 0 0 0 0 0 0 0 0 0 0 0 104 103 103 104 105 105 105 103 0 0 0 0 0 0 0 0 0 0 0 0 0 0 0 0 0 0 0 0 106 103 103 103 103 103 103 104 104 104 103 104 104 103 104 104 103 104 104 103 104 106 104 104 104 104 104 104 104 105 106 105 105 104 105 104 106 106 106 104 105 104 104 106 104 105 106 105 105 105 106 106 105 0 0 0 0 0
0 0 0 0 0 0 0 0 0 0 0 0 0 0 0 0 0 0 0 0 0 0 0 0 0 0 0 0 0 0 0 0 0 0 0 0 0 0 0 0 0 0 0 0 0 0 0 0 0 0 0 0 0 0 0 0 0 0 0 0 0 0 0 0 103 103 104 105 104 0 0 0 0 0 0 0 0 0 0 0 0 0 0 0 0 0 0 0 0 0 0 0 0 0 104 104 106 103 104 104 103 103 103 104 103 103 104 104 103 103 104 104 104 104 104 104 104 104 104 105 104 105 105 104 104 106 105 105 105 105 105 104 106 106 106 104 104 104 105 105 106 106 105 105 0 0 0 0 0
0 0 0 0 0 0 0 0 0 0 0 0 0 0 0 0 0 0 0 0 0 0 0 0 0 0 0 0 0 0 0 0 0 0 0 0 0 0 0 0 0 0 0 0 0 0 0 0 0 0 0 0 0 0 0 0 0 0 0 0 0 0 0 0 0 0 103 103 0 0 0 0 0 0 0 0 0 0 0 0 0 0 0 0 0 0 0 0 0 0 0 0 0 0 0 0 103 103 103 103 122 103 103 103 122 103 104 103 104 104 103 104 104 105 104 104 103 104 104 105 104 105 105 105 105 105 105 105 106 106 104 104 104 104 104 104 104 104 105 106 106 105 106 105 0 0 0 0 0
0 0 0 0 0 0 0 0 0 0 0 0 0 0 0 0 0 0 0 0 0 0 0 0 0 0 0 0 0 0 0 0 0 0 0 0 0 0 0 0 0 0 0 0 0 0 0 0 0 0 0 0 0 0 0 0 0 0 0 0 0 0 0 0 0 0 0 0 0 0 0 0 0 0 0 0 0 0 0 0 0 0 0 0 0 0 0 0 0 0 0 0 0 0 0 0 0 104 103 104 103 103 103 103 122 103 104 103 104 106 104 104 104 105 104 104 103 104 104 105 104 104 105 104 104 105 105 105 105 0 0 0 0 0 0 0 0 0 0 0 0 0 0 0 0 0 0 0 0
0 0 0 0 0 0 0 0 0 0 0 0 0 0 0 0 0 0 0 0 0 0 0 0 0 0 0 0 0 0 0 0 0 0 0 0 0 0 0 0 0 0 0 0 0 0 0 0 0 0 0 0 0 0 0 0 0 0 0 0 0 0 0 0 0 0 0 0 0 0 0 0 0 0 0 0 0 0 0 0 0 0 0 0 0 0 0 0 0 0 0 0 0 0 0 0 0 122 106 104 122 103 103 122 122 122 103 103 0 104 104 104 103 103 104 104 104 105 104 105 104 104 104 105 105 103 0 0 0 0 0 0 0 0 0 0 0 0 0 0 0 0 0 0 0 0 0 0 0
0 0 0 0 0 0 0 0 0 0 0 0 0 0 0 0 0 0 0 0 0 0 0 0 0 0 0 0 0 0 0 0 0 0 0 0 0 0 0 0 0 0 0 0 0 0 0 0 0 0 0 0 0 0 0 0 0 0 0 0 0 0 0 0 0 0 0 0 0 0 0 0 0 0 0 0 0 0 0 0 0 0 0 0 0 0 0 0 0 0 0 0 0 0 0 0 0 104 103 103 122 103 103 0 0 0 0 0 0 0 104 103 103 104 104 104 105 105 104 105 105 104 105 104 103 0 0 0 0 0 0 0 0 0 0 0 0 0 0 0 0 0 0 0 0 0 0 0 0
0 0 0 0 0 0 0 0 0 0 0 0 0 0 0 0 0 0 0 0 0 0 0 0 0 0 0 0 0 0 0 0 0 0 0 0 0 0 0 0 0 0 0 0 0 0 0 0 0 0 0 0 0 0 0 0 0 0 0 0 0 0 0 0 0 0 0 0 0 0 0 0 0 0 0 0 0 0 0 0 0 0 0 0 0 0 0 0 0 0 0 0 0 0 0 0 0 0 0 0 0 0 0 0 0 0 0 0 0 0 104 103 103 104 104 104 104 105 105 104 104 104 104 104 0 0 0 0 0 0 0 0 0 0 0 0 0 0 0 0 0 0 0 0 0 0 0 0 0
0 0 0 0 0 0 0 0 0 0 0 0 0 0 0 0 0 0 0 0 0 0 0 0 0 0 0 0 0 0 0 0 0 0 0 0 0 0 0 0 0 0 0 0 0 0 0 0 0 0 0 0 0 0 0 0 0 0 0 0 0 0 0 0 0 0 0 0 0 0 0 0 0 0 0 0 0 0 0 0 0 0 0 0 0 0 0 0 0 0 0 0 0 0 0 0 0 0 0 0 0 0 0 0 0 0 0 0 0 0 0 104 115 104 104 104 105 105 105 104 104 105 104 0 0 0 0 0 0 0 0 0 0 0 0 0 0 0 0 0 0 0 0 0 0 0 0 0 0
0 0 0 0 0 0 0 0 0 0 0 0 0 0 0 0 0 0 0 0 0 0 0 0 0 0 0 0 0 0 0 0 0 0 0 0 0 0 0 0 0 0 0 0 0 0 0 0 0 0 0 0 0 0 0 0 0 0 0 0 0 0 0 0 0 0 0 0 0 0 0 0 0 0 0 0 0 0 0 0 0 0 0 0 0 0 0 0 0 0 0 0 0 0 0 0 0 0 0 0 0 0 0 0 0 0 0 0 0 0 0 0 115 104 104 104 104 103 103 104 104 104 0 0 0 0 0 0 0 0 0 0 0 0 0 0 0 0 0 0 0 0 0 0 0 0 0 0 0
0 0 0 0 0 0 0 0 0 0 0 0 0 0 0 0 0 0 0 0 0 0 0 0 0 0 0 0 0 0 0 0 0 0 0 0 0 0 0 0 0 0 0 0 0 0 0 0 0 0 0 0 0 0 0 0 0 0 0 0 0 0 0 0 0 0 0 0 0 0 0 0 0 0 0 0 0 0 0 0 0 0 0 0 0 0 0 0 0 0 0 0 0 0 0 0 0 0 0 0 0 0 0 0 0 0 0 0 0 0 0 0 0 104 103 103 104 104 104 104 104 0 0 0 0 0 0 0 0 0 0 0 0 0 0 0 0 0 0 0 0 0 0 0 0 0 0 0 0
0 0 0 0 0 0 0 0 0 0 0 0 0 0 0 0 0 0 0 0 0 0 0 0 0 0 0 0 0 0 0 0 0 0 0 0 0 0 0 0 0 0 0 0 0 0 0 0 0 0 0 0 0 0 0 0 0 0 0 0 0 0 0 0 0 0 0 0 0 0 0 0 0 0 0 0 0 0 0 0 0 0 0 0 0 0 0 0 0 0 0 0 0 0 0 0 0 0 0 0 0 0 0 0 0 0 0 0 0 0 0 0 0 0 103 103 106 104 105 104 0 0 0 0 0 0 0 0 0 0 0 0 0 0 0 0 0 0 0 0 0 0 0 0 0 0 0 0 0
0 0 0 0 0 0 0 0 0 0 0 0 0 0 0 0 0 0 0 0 0 0 0 0 0 0 0 0 0 0 0 0 0 0 0 0 0 0 0 0 0 0 0 0 0 0 0 0 0 0 0 0 0 0 0 0 0 0 0 0 0 0 0 0 0 0 0 0 0 0 0 0 0 0 0 0 0 0 0 0 0 0 0 0 0 0 0 0 0 0 0 0 0 0 0 0 0 0 0 0 0 0 0 0 0 0 0 0 0 0 0 0 0 0 0 115 103 105 104 0 0 0 0 0 0 0 0 0 0 0 0 0 0 0 0 0 0 0 0 0 0 0 0 0 0 0 0 0 0
0 0 0 0 0 0 0 0 0 0 0 0 0 0 0 0 0 0 0 0 0 0 0 0 0 0 0 0 0 0 0 0 0 0 0 0 0 0 0 0 0 0 0 0 0 0 0 0 0 0 0 0 0 0 0 0 0 0 0 0 0 0 0 0 0 0 0 0 0 0 0 0 0 0 0 0 0 0 0 0 0 0 0 0 0 0 0 0 0 0 0 0 0 0 0 0 0 0 0 0 0 0 0 0 0 0 0 0 0 0 0 0 0 0 0 0 103 0 0 0 0 0 0 0 0 0 0 0 0 0 0 0 0 0 0 0 0 0 0 0 0 0 0 0 0 0 0 0 0
0 0 0 0 0 0 0 0 0 0 0 0 0 0 0 0 0 0 0 0 0 0 0 0 0 0 0 0 0 0 0 0 0 0 0 0 0 0 0 0 0 0 0 0 0 0 0 0 0 0 0 0 0 0 0 0 0 0 0 0 0 0 0 0 0 0 0 0 0 0 0 0 0 0 0 0 0 0 0 0 0 0 0 0 0 0 0 0 0 0 0 0 0 0 0 0 0 0 0 0 0 0 0 0 0 0 0 0 0 0 0 0 0 0 0 0 0 0 0 0 0 0 0 0 0 0 0 0 0 0 0 0 0 0 0 0 0 0 0 0 0 0 0 0 0 0 0 0 0
0 0 0 0 0 0 0 0 0 0 0 0 0 0 0 0 0 0 0 0 0 0 0 0 0 0 0 0 0 0 0 0 0 0 0 0 0 0 0 0 0 0 0 0 0 0 0 0 0 0 0 0 0 0 0 0 0 0 0 0 0 0 0 0 0 0 0 0 0 0 0 0 0 0 0 0 0 0 0 0 0 0 0 0 0 0 0 0 0 0 0 0 0 0 0 0 0 0 0 0 0 0 0 0 0 0 0 0 0 0 0 0 0 0 0 0 0 0 0 0 0 0 0 0 0 0 0 0 0 0 0 0 0 0 0 0 0 0 0 0 0 0 0 0 0 0 0 0 0
