0 0 0 0 0 0 0 0 0 0 0 0 0 0 0 0 0 0 0 0 0 0 0 0 0 0 0 0 0 0 0 0 0 0 0 0 0 0 0 0 0 0 0 0 0 0 0 0 0 0 0 0 0 0 0 0 0 0 0 0 0 0 0 0 0 0 0 0 0 0 0 0 0 0 0 0 0 0 0 0 0 0 0 0 0 0 0 0 0 0 0 0 0 0 0 0 0 0 0 0 0 0 0 0 0 0 0 0 0 0 0 0 0 0 0 0 0 0 0 0 0 0 0 0 0 0 0 0 0 0 0 0 0 0 0 0 0 0 0 0 0 0 0 0 0 0 0 0 0
0 0 0 0 0 0 0 0 0 0 0 0 0 0 0 0 0 0 0 0 0 0 0 0 0 0 0 0 0 0 0 0 0 0 0 0 0 0 0 0 0 0 0 0 0 0 0 0 0 0 0 0 0 0 0 0 0 0 0 0 0 0 0 0 0 0 0 0 0 0 0 0 0 0 0 0 0 0 0 0 0 0 0 0 0 0 0 0 0 0 0 0 0 0 0 0 0 0 0 0 0 0 0 0 0 0 0 0 0 0 0 0 0 0 0 0 0 0 0 0 0 0 0 0 0 0 0 0 0 0 0 0 0 0 0 0 0 0 0 0 0 0 0 0 0 0 0 0 0
0 0 0 0 0 0 0 0 0 0 0 0 0 0 0 0 0 0 0 0 0 0 0 0 0 0 0 0 0 0 0 0 0 0 0 0 0 0 0 0 0 0 0 0 0 0 0 0 0 0 0 0 0 0 0 0 0 0 0 0 0 0 0 0 0 0 0 0 0 0 0 0 0 0 0 0 0 0 0 0 0 0 0 0 0 0 0 0 0 0 0 0 0 0 0 0 0 0 0 0 0 0 0 0 0 0 0 0 0 0 0 0 0 0 0 0 0 0 0 0 0 0 0 0 0 0 0 0 0 0 0 0 0 0 0 0 0 0 0 0 0 0 0 0 0 0 0 0 0
0 0 0 0 0 0 0 0 0 0 0 0 0 0 0 0 0 0 0 0 0 0 0 0 0 0 0 0 0 0 0 0 0 0 0 0 0 0 0 0 0 0 0 0 0 0 0 0 0 0 0 0 0 0 0 0 0 0 0 0 0 0 0 0 0 0 0 0 0 0 0 0 0 0 0 0 0 0 0 0 0 0 0 0 0 0 0 0 0 0 0 0 0 0 0 0 0 0 0 0 0 0 0 0 0 0 0 0 0 0 0 0 0 0 0 0 0 0 0 0 0 0 0 0 0 0 0 0 0 0 0 0 0 0 0 0 0 0 0 0 0 0 0 0 0 0 0 0 0
0 0 0 0 0 0 0 0 0 0 0 0 0 0 0 0 0 0 0 0 0 0 0 0 0 0 0 0 0 0 0 0 0 0 0 0 0 0 0 0 0 0 0 0 0 0 0 0 0 0 0 0 0 0 0 0 0 0 0 0 0 0 0 0 0 0 0 0 0 0 0 0 0 0 0 0 0 0 0 0 0 0 0 0 0 0 0 0 0 0 0 0 0 0 0 0 0 0 0 0 0 0 0 0 0 0 0 0 0 0 0 0 0 0 0 0 0 0 0 0 0 0 0 0 0 0 0 0 0 0 0 0 0 0 0 0 0 0 0 0 0 0 0 0 0 0 0 0 0
0 0 0 0 0 0 0 0 0 0 0 0 0 0 0 0 0 0 0 0 0 0 0 0 0 0 0 0 0 0 0 0 0 0 0 0 0 0 0 0 0 0 0 0 0 0 0 0 0 0 0 0 0 0 0 0 0 0 0 0 0 0 0 0 0 0 0 0 0 0 0 0 0 0 0 0 0 0 0 0 0 0 0 0 0 0 0 0 0 0 0 0 0 0 0 0 0 0 0 0 0 0 0 0 0 0 0 0 0 0 0 0 0 0 0 0 0 0 0 0 0 0 0 0 0 0 0 0 0 0 0 0 0 0 0 0 0 0 0 0 0 0 0 0 0 0 0 0 0
0 0 0 0 0 0 0 0 0 0 0 0 0 0 0 0 0 0 0 0 0 0 0 0 0 0 0 0 0 0 0 0 0 0 0 0 0 0 0 0 0 0 0 0 0 0 0 0 0 0 0 0 0 0 0 0 0 0 0 0 0 0 0 0 0 0 0 0 0 0 0 0 0 0 0 0 0 0 0 0 0 0 0 0 0 0 0 0 0 0 0 0 0 0 0 0 0 0 0 0 0 0 0 0 0 0 0 0 0 0 0 0 0 0 0 0 0 0 0 0 0 0 0 0 0 0 0 0 0 0 0 0 0 0 0 0 0 0 0 0 0 0 0 0 0 0 0 0 0
0 0 0 0 0 0 0 0 0 0 0 0 0 0 0 0 0 0 0 0 0 0 0 0 0 0 0 0 0 0 0 0 0 0 0 0 0 0 0 0 0 0 0 0 0 0 0 0 0 0 0 0 0 0 0 0 0 0 0 0 0 0 0 0 0 0 0 0 0 0 0 0 0 0 0 0 0 0 0 0 0 0 0 0 0 0 0 0 0 0 0 0 0 0 3031 0 0 0 0 0 0 0 0 0 0 0 0 0 0 0 0 0 0 0 0 0 0 0 0 0 0 0 0 0 0 0 0 0 0 0 0 0 0 0 0 0 0 0 0 0 0 0 0 0 0 0 0 0 0
0 0 0 0 0 0 0 0 0 0 0 0 0 0 0 0 0 0 0 0 0 0 0 0 0 0 0 0 0 0 0 0 0 0 0 0 0 0 0 0 0 0 0 0 0 0 0 0 0 0 0 0 0 0 0 0 0 0 0 0 0 0 0 0 0 0 0 0 0 0 0 0 0 0 0 0 0 0 0 0 0 0 0 0 0 0 0 0 0 0 0 0 0 0 3031 3031 3031 3031 0 0 0 0 0 0 0 0 0 0 0 0 0 0 0 0 0 0 0 0 0 0 0 0 0 0 0 0 0 0 0 0 0 0 0 0 0 0 0 0 0 0 0 0 0 0 0 0 0 0 0
0 0 0 0 0 0 0 0 0 0 0 0 0 0 0 0 0 0 0 0 0 0 0 0 0 0 0 0 0 0 0 0 0 0 0 0 0 0 0 0 0 0 0 0 0 0 0 0 0 0 0 0 0 0 0 0 0 0 0 0 0 0 0 0 0 0 0 0 0 0 0 0 0 0 0 0 0 0 0 0 0 0 0 0 0 0 0 0 0 0 0 0 0 0 3031 3031 3031 3031 3031 0 0 0 0 0 0 0 0 0 0 0 0 0 0 0 0 0 0 0 0 0 0 0 0 0 0 0 0 0 0 0 0 0 0 0 0 0 0 0 0 0 0 0 0 0 0 0 0 0 0
0 0 0 0 0 0 0 0 0 0 0 0 0 0 0 0 0 0 0 0 0 0 0 0 0 0 0 0 0 0 0 0 0 0 0 0 0 0 0 0 0 0 0 0 0 0 0 0 0 0 0 0 0 0 0 0 0 0 0 0 0 0 0 0 0 0 0 0 0 0 0 0 0 0 0 0 0 0 0 0 0 0 0 0 0 0 0 0 0 0 0 0 0 0 3031 3031 3031 3031 3031 0 0 0 0 0 0 0 0 0 0 0 0 0 0 0 0 0 0 0 0 0 0 0 0 0 0 0 0 0 0 0 0 0 0 0 0 0 0 0 0 0 0 0 0 0 0 0 0 0 0
0 0 0 0 0 0 0 0 0 0 0 0 0 0 0 0 0 0 0 0 0 0 0 0 0 0 0 0 0 0 0 0 0 0 0 0 0 0 0 0 0 0 0 0 0 0 0 0 0 0 0 0 0 0 0 0 0 0 0 0 0 0 0 0 0 0 0 0 0 0 0 0 0 0 0 0 0 0 0 0 0 0 0 0 0 0 0 0 0 0 0 0 0 3031 3031 3031 3031 3031 3031 3031 0 0 0 0 0 0 0 0 0 0 0 0 0 0 0 0 0 0 0 0 0 0 0 0 0 0 0 0 0 0 0 0 0 0 0 0 0 0 0 0 0 0 0 0 0 0 0 0 0
0 0 0 0 0 0 0 0 0 0 0 0 0 0 0 0 0 0 0 0 0 0 0 0 0 0 0 0 0 0 0 0 0 0 0 0 0 0 0 0 0 0 0 0 0 0 0 0 0 0 0 0 0 0 0 0 0 0 0 0 0 0 0 0 0 0 0 0 0 0 0 0 0 0 0 0 0 0 0 0 0 0 0 0 0 0 0 0 0 0 0 0 0 3031 3031 3031 3031 3031 3031 3031 3031 0 0 0 0 0 0 0 0 0 0 0 0 0 0 0 0 0 0 0 0 0 0 0 0 0 0 0 0 0 0 0 0 0 0 0 0 0 0 0 0 0 0 0 0 0 0 0 0
0 0 0 0 0 0 0 0 0 0 0 0 0 0 0 0 0 0 0 0 0 0 0 0 0 0 0 0 0 0 0 0 0 0 0 0 0 0 0 0 0 0 0 0 0 0 0 0 0 0 0 0 0 0 0 0 0 0 0 0 0 0 0 0 0 0 0 0 0 0 0 0 0 0 0 0 0 0 0 0 0 0 0 0 0 0 0 0 0 0 0 0 0 3028 3031 3031 3031 3031 3031 3031 3031 3031 3098 0 0 0 0 0 0 0 0 0 0 0 0 0 0 0 0 0 0 0 0 0 0 0 0 0 0 0 0 0 0 0 0 0 0 0 0 0 0 0 0 0 0 0 0 0 0
0 0 0 0 0 0 0 0 0 0 0 0 0 0 0 0 0 0 0 0 0 0 0 0 0 0 0 0 0 0 0 0 0 0 0 0 0 0 0 0 0 0 0 0 0 0 0 0 0 0 0 0 0 0 0 0 0 0 0 0 0 0 0 0 0 0 0 0 0 0 0 0 0 0 0 0 0 0 0 0 0 0 0 0 0 0 0 0 0 0 0 0 0 3031 3031 3028 3028 3031 3031 3031 3031 3031 3098 3031 0 0 0 0 0 0 0 0 0 0 0 0 0 0 0 0 0 0 0 0 0 0 0 0 0 0 0 0 0 0 0 0 0 0 0 0 0 0 0 0 0 0 0 0 0
0 0 0 0 0 0 0 0 0 0 0 0 0 0 0 0 0 0 0 0 0 0 0 0 0 0 0 0 0 0 0 0 0 0 0 0 0 0 0 0 0 0 0 0 0 0 0 0 0 0 0 0 0 0 0 0 0 0 0 0 0 0 0 0 0 0 0 0 0 0 0 0 0 0 0 0 0 0 0 0 0 0 0 0 0 0 0 0 0 0 0 0 0 3028 3028 3028 3031 3031 3031 3031 3031 3031 3098 3031 3031 3031 3031 0 0 0 0 0 0 0 0 0 0 0 3031 0 0 0 0 0 0 0 0 0 0 0 0 0 0 0 0 0 0 0 0 0 0 0 0 0 0 0 0 0 0
0 0 0 0 0 0 0 0 0 0 0 0 0 0 0 0 0 0 0 0 0 0 0 0 0 0 0 0 0 0 0 0 0 0 0 0 0 0 0 0 0 0 0 0 0 0 0 0 0 0 0 0 0 0 0 0 0 0 0 0 0 0 0 0 0 0 0 0 0 0 0 0 0 0 0 0 0 0 0 0 0 0 0 0 0 0 0 0 0 0 0 0 0 3028 3031 3031 3032 3028 3031 3031 3031 3031 3031 3031 3031 3031 3031 3031 3031 3031 3031 0 0 3031 3028 3031 3031 3031 3031 3031 0 0 0 0 0 0 0 0 0 0 0 0 0 0 0 0 0 0 0 0 0 0 0 0 0 0 0 0 0
0 0 0 0 0 0 0 0 0 0 0 0 0 0 0 0 0 0 0 0 0 0 0 0 0 0 0 0 0 0 0 0 0 0 0 0 0 0 0 0 0 0 0 0 0 0 0 0 0 0 0 0 0 0 0 0 0 0 0 0 0 0 0 0 0 0 0 0 0 0 0 0 0 0 0 0 0 0 0 0 0 0 0 0 0 0 0 0 0 0 0 0 0 3028 3031 3031 3032 3032 3031 3031 3031 3031 3031 3031 3031 3031 3031 3031 3031 3031 3028 3031 3032 3031 3028 3028 3031 3031 3031 3031 3031 0 0 0 0 0 0 0 0 0 0 0 0 0 0 0 0 0 0 0 0 0 0 0 0 0 0 0 0
0 0 0 0 0 0 0 0 0 0 0 0 0 0 0 0 0 0 0 0 0 0 0 0 0 0 0 0 0 0 0 0 0 0 0 0 0 0 0 0 0 0 0 0 0 0 0 0 0 0 0 0 0 0 0 0 0 0 0 0 0 0 0 0 0 0 0 0 0 0 0 0 0 0 0 0 0 0 0 0 0 0 0 0 0 0 0 0 0 0 0 0 0 3031 3031 3031 3031 3032 3031 3031 3031 3031 3031 3031 3031 3031 3031 3031 3031 3028 3028 3028 3032 3032 3028 3028 3031 3031 3031 3031 3031 3031 0 0 0 0 0 0 0 0 0 0 0 0 0 0 0 0 0 0 0 0 0 0 0 0 0 0 0
0 0 0 0 0 0 0 0 0 0 0 0 0 0 0 0 0 0 0 0 0 0 0 0 0 0 0 0 0 0 0 0 0 0 0 0 0 0 0 0 0 0 0 0 0 0 0 0 0 0 0 0 0 0 0 0 0 0 0 0 0 0 0 0 0 0 0 0 0 0 0 0 0 0 0 0 0 0 0 0 0 0 0 0 0 0 0 0 0 0 0 0 0 3031 3031 3031 3031 3031 3031 3031 3031 3031 3031 3031 3028 3031 3031 3031 3028 3031 3031 3032 3032 3032 3028 3028 3031 3031 3031 3031 3031 3031 3031 0 0 0 0 0 0 0 0 0 0 0 0 0 0 0 0 0 0 0 0 0 0 0 0 0 0
0 0 0 0 0 0 0 0 0 0 0 0 0 0 0 0 0 0 0 0 0 0 0 0 0 0 0 0 0 0 0 0 0 0 0 0 0 0 0 0 0 0 0 0 0 0 0 0 0 0 0 0 0 0 0 0 0 0 0 0 0 0 0 0 0 0 0 0 0 0 0 0 0 0 0 0 0 0 0 0 0 0 0 0 0 0 0 0 0 0 0 0 0 3031 3031 3031 3031 3031 3031 3031 3031 3031 3031 3031 3031 3031 3031 3032 3031 3028 3031 3031 3031 3032 3028 3028 3031 3028 3031 3031 3031 3028 3028 3031 0 0 0 0 0 0 0 0 0 0 0 0 0 0 0 0 0 0 0 0 0 0 0 0 0
0 0 0 0 0 0 0 0 0 0 0 0 0 0 0 0 0 0 0 0 0 0 0 0 0 0 0 0 0 0 0 0 0 0 0 0 0 0 0 0 0 0 0 0 0 0 0 0 0 0 0 0 0 0 0 0 0 0 0 0 0 0 0 0 0 0 0 0 0 0 0 0 0 0 0 0 0 0 0 0 0 0 0 0 0 0 0 0 0 0 0 3031 3031 3031 3031 3031 3031 3031 3031 3031 3028 3031 3031 3031 3031 3031 3031 3031 3031 3031 3031 3031 3031 3031 3031 3031 3032 3028 3031 3031 3028 3028 3028 3031 3031 0 0 0 0 0 0 0 0 0 0 0 0 0 0 0 0 0 0 0 0 0 0 0 0
0 0 0 0 0 0 0 0 0 0 0 0 0 0 0 0 0 0 0 0 0 0 0 0 0 0 0 0 0 0 0 0 0 0 0 0 0 0 0 0 0 0 0 0 0 0 0 0 0 0 0 0 0 0 0 0 0 0 0 0 0 0 0 0 0 0 0 0 0 0 0 0 0 0 0 0 0 0 0 0 0 0 0 0 0 0 0 0 0 0 3031 3031 3031 3031 3031 3031 3031 3031 3031 3031 3031 3031 3031 3028 3031 3031 3031 3031 3032 3032 3031 3031 3028 3031 3028 3028 3028 3032 3031 3031 3031 3031 3032 3031 3032 3031 0 0 0 0 0 0 0 0 0 0 0 0 0 0 0 0 0 0 0 0 0 0 0
0 0 0 0 0 0 0 0 0 0 0 0 0 0 0 0 0 0 0 0 0 0 0 0 0 0 0 0 0 0 0 0 0 0 0 0 0 0 0 0 0 0 0 0 0 0 0 0 0 0 0 0 0 0 0 0 0 0 0 0 0 0 0 0 0 0 0 0 0 0 0 0 0 0 0 0 0 0 0 0 0 0 0 0 0 0 0 0 0 3031 3028 3031 3031 3031 3032 3031 3028 3031 3031 3032 3031 3031 3031 3031 3031 3098 3031 3031 3031 3031 3031 3031 3031 3031 3028 3028 3028 3031 3031 3031 3032 3032 3031 3031 3031 3031 3031 3031 0 0 0 0 0 0 0 0 0 0 0 0 0 0 0 0 0 0 0 0 0
0 0 0 0 0 0 0 0 0 0 0 0 0 0 0 0 0 0 0 0 0 0 0 0 0 0 0 0 0 0 0 0 0 0 0 0 0 0 0 0 0 0 0 0 0 0 0 0 0 0 0 0 0 0 0 0 0 0 0 0 0 0 0 0 0 0 0 0 0 0 0 0 0 0 0 0 0 0 0 0 0 0 0 0 0 0 0 0 3031 3031 3031 3031 3031 3031 3031 3031 3028 3031 3031 3098 3031 3154 3154 3031 3031 3098 3031 3031 3031 3031 3031 3031 3031 3031 3028 3031 3028 3028 3032 3031 3031 3032 3031 3031 3031 3031 3031 3028 3098 0 0 0 0 0 0 0 0 0 0 0 0 0 0 0 0 0 0 0 0
0 0 0 0 0 0 0 0 0 0 0 0 0 0 0 0 0 0 0 0 0 0 0 0 0 0 0 0 0 0 0 0 0 0 0 0 0 0 0 0 0 0 0 0 0 0 0 0 0 0 0 0 0 0 0 0 0 0 0 0 0 0 0 0 0 0 0 0 0 0 0 0 3098 3032 3032 0 0 0 0 0 0 0 0 0 0 0 3032 3032 3221 3028 3028 3031 3098 3028 3031 3031 3031 3031 3032 3031 3031 3031 3154 3031 3032 3031 3031 3031 3031 3031 3031 3031 3031 3028 3028 3031 3028 3031 3031 3031 3031 3031 3031 3031 3031 3031 3031 3032 3031 3031 0 0 0 0 0 0 0 0 0 0 0 0 0 0 0 0 0 0 0
0 0 0 0 0 0 0 0 0 0 0 0 0 0 0 0 0 0 0 0 0 0 0 0 0 0 0 0 0 0 0 0 0 0 0 0 0 0 0 0 0 0 0 0 0 0 0 0 0 0 0 0 0 0 0 0 0 0 0 0 0 0 0 0 0 0 0 0 0 0 0 0 3032 3032 3032 0 0 3028 3031 0 0 0 0 0 0 3032 3032 3032 3028 3031 3028 3028 3031 3031 3031 3031 3031 3031 3031 3031 3031 3032 3031 3031 3031 3031 3031 3031 3031 3031 3031 3031 3031 3031 3031 3031 3031 3032 3031 3031 3031 3031 3028 3032 3031 3031 3031 3031 3098 3031 0 0 0 0 0 0 0 0 0 0 0 0 0 0 0 0 0 0 0
0 0 0 0 0 0 0 0 0 0 0 0 0 0 0 0 0 0 0 0 0 0 0 0 0 0 0 0 0 0 0 0 0 0 0 0 0 0 0 0 0 0 0 0 0 0 0 0 0 0 0 0 0 0 0 0 0 0 0 0 0 0 0 0 0 0 0 0 0 0 0 3032 3032 3032 3028 3032 3032 3031 3031 3031 3031 0 0 0 3032 3032 3032 3032 3028 3031 3031 3031 3031 3031 3031 3031 3031 3031 3031 3031 3031 3032 3031 3031 3031 3031 3031 3031 3031 3032 3031 3031 3031 3031 3032 3031 3031 3031 3028 3031 3031 3028 3032 3032 3032 3031 3031 3031 3098 3031 0 0 0 0 0 0 0 0 0 0 0 0 0 0 0 0 0 0 0
0 0 0 0 0 0 0 0 0 0 0 0 0 0 0 0 0 0 0 0 0 0 0 0 0 0 0 0 0 0 0 0 0 0 0 0 0 0 0 0 0 0 0 0 0 0 0 0 0 0 0 0 0 0 0 0 0 0 0 0 0 0 0 0 0 0 0 0 0 0 0 3032 3031 3028 3031 3031 3031 3031 3031 3031 3031 3031 3031 3031 3032 3031 3032 3031 3031 3031 3031 3031 3031 3028 3028 3031 3031 3031 3031 3031 3031 3032 3031 3031 3031 3154 3154 3152 3152 3152 3031 3031 3031 3032 3032 3032 3031 3031 3031 3031 3031 3028 3032 3028 3032 3031 3031 3031 3031 3028 3028 0 0 0 0 0 0 0 0 0 0 0 0 0 0 0 0 0 0
0 0 0 0 0 0 0 0 0 0 0 0 0 0 0 0 0 0 0 0 0 0 0 0 0 0 0 0 0 0 0 0 0 0 0 0 0 0 0 0 0 0 0 0 0 0 0 0 0 0 0 0 0 0 0 0 0 0 0 0 0 0 0 0 0 0 0 0 0 0 3028 3028 3031 3031 3032 3031 3031 3031 3031 3031 3031 3031 3031 3031 3031 3031 3031 3031 3031 3031 3031 3031 3031 3031 3031 3031 3031 3031 3028 3028 3031 3031 3031 3031 3031 3031 3031 3154 3152 3152 3031 3031 3031 3031 3031 3031 3031 3031 3031 3031 3031 3028 3031 3031 3031 3032 3031 3031 3031 3031 3031 3031 0 0 0 0 0 0 0 0 0 0 0 0 0 0 0 0 0
0 0 0 0 0 0 0 0 0 0 0 0 0 0 0 0 0 0 0 0 0 0 0 0 0 0 0 0 0 0 0 0 0 0 0 0 0 0 0 0 0 0 0 0 0 0 0 0 0 0 0 0 0 0 0 0 0 0 0 0 0 0 0 0 0 0 0 0 0 3098 3032 3031 3031 3031 3031 3031 3031 3031 3031 3031 3031 3031 3031 3031 3031 3031 3031 3031 3028 3031 3098 3031 3031 3031 3031 3031 3031 3031 3031 3031 3031 3031 3031 3031 3031 3031 3031 3032 3152 3152 3031 3031 3098 3031 3031 3031 3031 3031 3031 3031 3031 3031 3031 3031 3031 3031 3031 3031 3031 3031 3031 3031 3028 0 0 0 0 0 0 0 0 0 0 0 0 0 0 0 0
0 0 0 0 0 0 0 0 0 0 0 0 0 0 0 0 0 0 0 0 0 0 0 0 0 0 0 0 0 0 0 0 0 0 0 0 0 0 0 0 0 0 0 0 0 0 0 0 0 0 0 0 0 0 0 0 0 0 0 0 0 0 0 0 0 0 0 0 0 3028 3031 3031 3032 3032 3031 3152 3031 3031 3154 3031 3031 3031 3031 3031 3031 3031 3031 3031 3031 3031 3031 3031 3031 3031 3031 3031 3031 3031 3031 3031 3031 3031 3031 3031 3031 3031 3031 3028 3154 3152 3152 3031 3031 3031 3031 3031 3031 3031 3031 3031 3031 3031 3031 3031 3031 3031 3031 3031 3031 3028 3031 3031 3031 0 0 0 0 0 0 0 0 0 0 0 0 0 0 0 0
0 0 0 0 0 0 0 0 0 0 0 0 0 0 0 0 0 0 0 0 0 0 0 0 0 0 0 0 0 0 0 0 0 0 0 0 0 0 0 0 0 0 0 0 0 0 0 0 0 0 0 0 0 0 0 0 0 0 0 0 0 0 0 0 0 0 0 0 0 3031 3031 3031 3032 3031 3028 3031 3031 3154 3154 3154 3152 3031 3031 3031 3031 3031 3031 3031 3031 3031 3031 3031 3031 3031 3031 3028 3031 3031 3031 3031 3031 3031 3031 3031 3031 3031 3031 3032 3031 3028 3152 3031 3031 3031 3031 3031 3028 3028 3028 3031 3031 3031 3031 3031 3031 3031 3031 3031 3031 3028 3031 3031 3031 3032 0 0 0 0 0 0 0 0 0 0 0 0 0 0 0
0 0 0 0 0 0 0 0 0 0 0 0 0 0 0 0 0 0 0 0 0 0 0 0 0 0 0 0 0 0 0 0 0 0 0 0 0 0 0 0 0 0 0 0 0 0 0 0 0 0 0 0 0 0 0 0 0 0 0 0 0 0 0 0 0 0 0 0 3032 3028 3028 3031 3031 3031 3031 3031 3032 3032 3031 3032 3255 3152 3031 3031 3031 3031 3031 3031 3031 3031 3031 3031 3031 3098 3031 3031 3031 3031 3031 3032 3032 3031 3031 3031 3031 3031 3031 3031 3031 3152 3152 3031 3031 3031 3031 3031 3031 3031 3031 3028 3031 3031 3031 3031 3031 3031 3031 3031 3031 3031 3031 3031 3031 3031 3031 0 0 0 0 0 0 0 0 0 0 0 0 0 0
0 0 0 0 0 0 0 0 0 0 0 0 0 0 0 0 0 0 0 0 0 0 0 0 0 0 0 0 0 0 0 0 0 0 0 0 0 0 0 0 0 0 0 0 0 0 0 0 0 0 0 0 0 0 0 0 0 0 0 0 0 0 0 0 0 0 0 3031 3031 3031 3031 3031 3031 3031 3031 3031 3032 3032 3031 3031 3032 3032 3152 3031 3031 3031 3031 3031 3031 3031 3031 3031 3031 3098 3031 3031 3031 3031 3031 3031 3031 3031 3031 3031 3031 3031 3028 3031 3031 3028 3152 3152 3031 3031 3031 3031 3031 3031 3031 3031 3031 3031 3031 3031 3031 3031 3031 3031 3031 3031 3031 3031 3031 3031 3031 0 0 0 0 0 0 0 0 0 0 0 0 0 0
0 0 0 0 0 0 0 0 0 0 0 0 0 0 0 0 0 0 0 0 0 0 0 0 0 0 0 0 0 0 0 0 0 0 0 0 0 0 0 0 0 0 0 0 0 0 0 0 0 0 0 0 0 0 0 0 0 0 0 0 0 0 0 0 0 0 3031 3031 3031 3031 3031 3031 3031 3031 3031 3031 3032 3032 3032 3031 3032 3032 3031 3031 3031 3031 3031 3031 3031 3031 3031 3031 3031 3031 3031 3031 3031 3031 3031 3031 3031 3031 3031 3031 3032 3031 3031 3031 3031 3031 3152 3152 3031 3031 3031 3031 3031 3031 3031 3031 3031 3031 3031 3031 3031 3031 3031 3031 3031 3031 3031 3031 3031 3031 3031 0 0 0 0 0 0 0 0 0 0 0 0 0 0
0 0 0 0 0 0 0 0 0 0 0 0 0 0 0 0 0 0 0 0 0 0 0 0 0 0 0 0 0 0 0 0 0 0 0 0 0 0 0 0 0 0 0 0 0 0 0 0 0 0 0 0 0 0 0 0 0 0 0 0 0 0 0 0 0 3028 3027 3028 3031 3031 3031 3031 3031 3031 3028 3032 3028 3032 3032 3031 3031 3031 3031 3255 3154 3031 3031 3031 3031 3031 3031 3031 3031 3031 3031 3031 3031 3031 3031 3031 3031 3031 3031 3031 3031 3031 3031 3031 3031 3031 3028 3031 3031 3031 3031 3031 3031 3031 3031 3031 3031 3031 3031 3031 3031 3031 3031 3031 3031 3031 3031 3031 3031 3031 3031 0 0 0 0 0 0 0 0 0 0 0 0 0 0
0 0 0 0 0 0 0 0 0 0 0 0 0 0 0 0 0 0 0 0 0 0 0 0 0 0 0 0 0 0 0 0 0 0 0 0 0 0 0 0 0 0 0 0 0 0 0 0 0 0 0 0 0 0 0 0 0 0 0 0 0 0 0 3031 3032 3028 3028 3031 3031 3031 3031 3031 3031 3031 3028 3032 3032 3032 3031 3098 3031 3154 3154 3154 3031 3032 3031 3031 3031 3031 3031 3031 3031 3031 3031 3031 3031 3031 3031 3031 3031 3031 3032 3028 3031 3031 3031 3031 3031 3028 3028 3031 3031 3031 3031 3031 3031 3031 3031 3031 3031 3031 3031 3031 3031 3031 3031 3031 3031 3031 3031 3031 3031 3031 3031 0 0 0 0 0 0 0 0 0 0 0 0 0 0
0 0 0 0 0 0 0 0 0 0 0 0 0 0 0 0 0 0 0 0 0 0 0 0 0 0 0 0 0 0 0 0 0 0 0 0 0 0 0 0 0 0 0 0 0 0 0 0 0 0 0 0 0 0 0 0 0 0 0 0 0 0 3031 3032 3032 3032 3032 3028 3032 3032 3032 3032 3032 3032 3098 3028 3032 3032 3032 3032 3032 3032 3032 3032 3031 3031 3031 3031 3031 3098 3031 3031 3031 3031 3031 3031 3031 3031 3031 3031 3031 3031 3031 3031 3031 3031 3031 3031 3031 3031 3031 3028 3031 3031 3031 3031 3031 3031 3031 3031 3031 3031 3031 3031 3031 3031 3031 3031 3031 3031 3031 3031 3031 3031 3031 0 0 0 0 0 0 0 0 0 0 0 0 0 0
0 0 0 0 0 0 0 0 0 0 0 0 0 0 0 0 0 0 0 0 0 0 0 0 0 0 0 0 0 0 0 0 0 0 0 0 0 0 0 0 0 0 0 0 0 0 0 0 0 0 0 0 0 0 0 0 0 0 0 0 0 3031 3032 3098 3032 3032 3032 3032 3032 3032 3032 3032 3032 3032 3032 3032 3032 3031 3032 3028 3031 3031 3032 3031 3031 3031 3028 3031 3031 3098 3031 3031 3031 3031 3031 3031 3031 3031 3031 3031 3031 3031 3031 3031 3031 3031 3031 3031 3031 3031 3031 3028 3031 3152 3031 3031 3031 3031 3031 3031 3031 3031 3031 3031 3031 3031 3031 3031 3031 3031 3031 3031 3032 3032 3031 0 0 0 0 0 0 0 0 0 0 0 0 0 0
0 0 0 0 0 0 0 0 0 0 0 0 0 0 0 0 0 0 0 0 0 0 0 0 0 0 0 0 0 0 0 0 0 0 0 0 0 0 0 0 0 0 0 0 0 0 0 0 0 0 0 0 0 0 0 0 0 0 0 0 3032 3032 3032 3032 3032 3031 3031 3032 3032 3031 3031 3032 3032 3032 3032 3032 3032 3031 3031 3032 3028 3031 3098 3031 3031 3031 3031 3031 3031 3031 3031 3031 3031 3028 3031 3031 3031 3031 3031 3031 3031 3031 3031 3031 3031 3031 3031 3031 3031 3028 3028 3031 3028 3031 3152 3152 3031 3031 3031 3031 3031 3031 3031 3031 3031 3031 3031 3031 3031 3031 3031 3031 3031 3028 3031 0 0 0 0 0 0 0 0 0 0 0 0 0 0
0 0 0 0 0 0 0 0 0 0 0 0 0 0 0 0 0 0 0 0 0 0 0 0 0 0 0 0 0 0 0 0 0 0 0 0 0 0 0 0 0 0 0 0 0 0 0 0 0 0 0 0 0 0 0 0 0 0 0 3031 3032 3032 3032 3031 3031 3031 3032 3032 3031 3031 3031 3031 3031 3031 3031 3031 3031 3031 3031 3031 3031 3031 3031 3031 3031 3031 3028 3031 3031 3028 3031 3028 3031 3031 3028 3031 3031 3031 3031 3031 3031 3031 3031 3031 3028 3028 3031 3031 3031 3031 3031 3028 3028 3031 3098 3152 3152 3031 3031 3031 3031 3031 3031 3031 3028 3031 3028 3031 3028 3031 3031 3031 3031 3031 3031 0 0 0 0 0 0 0 0 0 0 0 0 0 0
0 0 0 0 0 0 0 0 0 0 0 0 0 0 0 0 0 0 0 0 0 0 0 0 0 0 0 0 0 0 0 0 0 0 0 0 0 0 0 0 0 0 0 0 0 0 0 0 0 0 0 0 0 0 0 0 0 0 0 3031 3032 3032 3031 3031 3031 3031 3031 3031 3031 3031 3031 3031 3031 3031 3031 3031 3031 3031 3031 3031 3031 3031 3031 3031 3031 3031 3028 3031 3031 3031 3028 3028 3028 3031 3031 3031 3031 3031 3031 3031 3028 3031 3031 3028 3031 3031 3031 3031 3031 3031 3031 3031 3031 3028 3031 3031 3152 3152 3031 3031 3031 3031 3028 3028 3031 3028 3028 3031 3031 3031 3031 3031 3031 3031 3031 0 0 0 0 0 0 0 0 0 0 0 0 0 0
0 0 0 0 0 0 0 0 0 0 0 0 0 0 0 0 0 0 0 0 0 0 0 0 0 0 0 0 0 0 0 0 0 0 0 0 0 0 0 0 0 0 0 0 0 0 0 0 0 0 0 0 0 0 0 0 0 0 0 3032 3031 3031 3031 3032 3031 3031 3032 3032 3031 3031 3031 3031 3031 3031 3031 3031 3031 3031 3031 3031 3031 3031 3031 3031 3031 3031 3031 3031 3031 3028 3031 3028 3028 3028 3028 3031 3031 3031 3031 3031 3031 3031 3028 3028 3028 3028 3028 3028 3028 3031 3031 3028 3028 3028 3028 3031 3152 3031 3031 3031 3031 3031 3031 3031 3031 3031 3031 3031 3031 3031 3031 3031 3031 3031 0 0 0 0 0 0 0 0 0 0 0 0 0 0 0
0 0 0 0 0 0 0 0 0 0 0 0 0 0 0 0 0 0 0 0 0 0 0 0 0 0 0 0 0 0 0 0 0 0 0 0 0 0 0 0 0 0 0 0 0 0 0 0 0 0 0 0 0 0 0 0 0 0 0 3032 3032 3032 3031 3031 3031 3031 3032 3031 3032 3031 3031 3031 3031 3031 3031 3031 3031 3031 3031 3031 3031 3031 3028 3031 3031 3028 3031 3031 3028 3031 3028 3028 3028 3028 3028 3028 3031 3031 3031 3031 3031 3031 3028 3028 3028 3028 3028 3031 3028 3031 3031 3031 3031 3031 3031 3152 3152 3152 3152 3031 3031 3031 3031 3031 3031 3031 3031 3028 3031 3028 3031 3031 3031 0 0 0 0 0 0 0 0 0 0 0 0 0 0 0 0
0 0 0 0 0 0 0 0 0 0 0 0 0 0 0 0 0 0 0 0 0 0 0 0 0 0 0 0 0 0 0 0 0 0 0 0 0 0 0 0 0 0 0 0 0 0 0 0 0 0 0 0 0 0 0 0 0 0 0 0 3032 3032 3031 3028 3032 3032 3031 3031 3032 3031 3031 3031 3031 3031 3031 3031 3031 3031 3031 3031 3031 3031 3031 3028 3028 3031 3031 3031 3028 3031 3028 3028 3028 3031 3031 3028 3028 3031 3028 3031 3031 3031 3028 3028 3028 3028 3031 3031 3028 3031 3031 3031 3031 3031 3031 3028 3152 3152 3031 3031 3031 3031 3031 3221 3031 3031 3031 3028 3031 3028 3031 0 0 0 0 0 0 0 0 0 0 0 0 0 0 0 0 0 0
0 0 0 0 0 0 0 0 0 0 0 0 0 0 0 0 0 0 0 0 0 0 0 0 0 0 0 0 0 0 0 0 0 0 0 0 0 0 0 0 0 0 0 0 0 0 0 0 0 0 0 0 0 0 0 0 0 0 0 3032 3031 3031 3032 3032 3032 3031 3031 3031 3031 3031 3031 3031 3031 3031 3031 3031 3031 3031 3031 3031 3031 3032 3032 3028 3031 3028 3028 3028 3031 3031 3031 3028 3028 3031 3031 3031 3028 3031 3028 3031 3031 3028 3028 3028 3031 3031 3028 3031 3031 3028 3031 3028 3028 3031 3031 3031 3152 3152 3152 3031 3031 3031 3031 3031 3031 3031 3031 3031 3031 0 0 0 0 0 0 0 0 0 0 0 0 0 0 0 0 0 0 0 0
0 0 0 0 0 0 0 0 0 0 0 0 0 0 0 0 0 0 0 0 0 0 0 0 0 0 0 0 0 0 0 0 0 0 0 0 0 0 0 0 0 0 0 0 0 0 0 0 0 0 0 0 0 0 0 0 0 3031 3032 3032 3032 3032 3032 3031 3031 3032 3032 3031 3031 3031 3031 3031 3031 3031 3031 3031 3031 3031 3031 3031 3031 3031 3028 3031 3028 3028 3028 3028 3031 3031 3028 3028 3028 3031 3031 3028 3031 3031 3031 3031 3031 3031 3031 3031 3028 3031 3028 3028 3031 3028 3031 3031 3031 3031 3031 3031 3152 3152 3152 3152 3152 3031 3031 3031 3031 3031 3031 3031 3031 0 0 0 0 0 0 0 0 0 0 0 0 0 0 0 0 0 0 0 0
0 0 0 0 0 0 0 0 0 0 0 0 0 0 0 0 0 0 0 0 0 0 0 0 0 0 0 0 0 0 0 0 0 0 0 0 0 0 0 0 0 0 0 0 0 0 0 0 0 0 0 0 0 0 3031 3031 3031 3031 3031 3032 3032 3032 3032 3032 3032 3032 3031 3031 3031 3031 3031 3031 3031 3031 3031 3031 3031 3031 3031 3031 3028 3031 3028 3028 3028 3031 3031 3028 3031 3031 3028 3028 3028 3031 3031 3028 3031 3031 3031 3031 3031 3031 3031 3031 3031 3031 3031 3031 3031 3031 3031 3031 3031 3028 3028 3028 3152 3152 3152 3152 3152 3031 3031 3031 3031 3031 3031 3031 3031 0 0 0 0 0 0 0 0 0 0 0 0 0 0 0 0 0 0 0 0
0 0 0 0 0 0 0 0 0 0 0 0 0 0 0 0 0 0 0 0 0 0 0 0 0 0 0 0 0 0 0 0 0 0 0 0 0 0 0 0 0 0 0 0 0 0 0 0 0 0 0 3031 3031 3031 3031 3031 3032 3032 3032 3032 3032 3032 3031 3032 3032 3031 3032 3032 3032 3032 3032 3031 3031 3031 3031 3031 3031 3031 3031 3028 3028 3031 3031 3031 3028 3028 3028 3028 3002 3028 3031 3098 3028 3031 3031 3031 3031 3031 3028 3031 3031 3031 3031 3031 3031 3031 3031 3028 3031 3031 3031 3031 3031 3031 3031 3031 3152 3152 3152 3152 3152 3152 3152 3031 3031 3031 3031 3031 3031 0 0 0 0 0 0 0 0 0 0 0 0 0 0 0 0 0 0 0 0
0 0 0 0 0 0 0 0 0 0 0 0 0 0 0 0 0 0 0 0 0 0 0 0 0 0 0 0 0 0 0 0 0 0 0 0 0 0 0 0 0 0 0 0 0 0 0 0 0 3031 3031 3031 3031 3032 3031 3031 3032 3032 3032 3032 3032 3032 3032 3032 3032 3032 3031 3031 3032 3032 3032 3032 3031 3031 3031 3031 3031 3031 3028 3031 3031 3028 3031 3031 3028 3031 3028 3031 3031 3028 3031 3221 3031 3028 3028 3028 3031 3031 3031 3031 3031 3031 3031 3031 3031 3031 3031 3028 3028 3031 3028 3031 3031 3028 3031 3031 3031 3152 3152 3152 3031 3152 3152 3031 3031 3031 3031 3031 3031 0 0 0 0 0 0 0 0 0 0 0 0 0 0 0 0 0 0 0 0
0 0 0 0 0 0 0 0 0 0 0 0 0 0 0 0 0 0 0 0 0 0 0 0 0 0 0 0 0 0 0 0 0 0 0 0 0 0 0 0 0 0 0 0 0 0 0 0 3032 3031 3031 3031 3031 3031 3031 3031 3031 3032 3032 3032 3031 3031 3032 3032 3032 3032 3031 3031 3031 3032 3031 3032 3032 3031 3031 3031 3031 3031 3031 3028 3031 3031 3028 3028 3028 3031 3028 3031 3028 3031 3152 3152 3098 3028 3028 3031 3031 3028 3031 3031 3031 3031 3028 3031 3031 3031 3031 3028 3031 3028 3031 3031 3031 3031 3031 3031 3031 3031 3028 3152 3028 3152 3031 3031 3031 3031 3031 3031 3031 3031 0 0 0 0 0 0 0 0 0 0 0 0 0 0 0 0 0 0 0
0 0 0 0 0 0 0 0 0 0 0 0 0 0 0 0 0 0 0 0 0 0 0 0 0 0 0 0 0 0 0 0 0 0 0 0 0 0 0 0 0 0 0 0 0 0 0 3032 3032 3032 3032 3031 3031 3031 3031 3031 3031 3031 3031 3032 3032 3032 3032 3031 3032 3032 3031 3031 3032 3032 3031 3031 3031 3031 3028 3031 3031 3031 3031 3031 3031 3031 3031 3031 3028 3031 3031 3028 3028 3031 3152 3152 3152 3028 3031 3031 3031 3031 3031 3031 3031 3031 3031 3031 3031 3031 3031 3031 3031 3031 3031 3031 3028 3031 3031 3031 3031 3031 3028 3031 3028 3028 3152 3031 3031 3031 3031 3031 3031 3031 0 0 0 0 0 0 0 0 0 0 0 0 0 0 0 0 0 0 0
0 0 0 0 0 0 0 0 0 0 0 0 0 0 0 0 0 0 0 0 0 0 0 0 0 0 0 0 0 0 0 0 0 0 0 0 0 0 0 0 0 0 0 0 0 3032 3032 3032 3032 3032 3032 3031 3031 3031 3031 3031 3031 3031 3031 3031 3032 3032 3032 3031 3031 3031 3032 3032 3031 3032 3028 3031 3031 3031 3031 3031 3031 3028 3031 3031 3031 3028 3031 3031 3028 3031 3028 3028 3031 3028 3028 3031 3152 3031 3031 3028 3031 3031 3031 3031 3031 3031 3031 3031 3031 3031 3031 3031 3031 3031 3028 3028 3031 3031 3031 3031 3031 3028 3028 3028 3028 3031 3152 3031 3031 3031 3031 3031 3031 3031 0 0 0 0 0 0 0 0 0 0 0 0 0 0 0 0 0 0 0
0 0 0 0 0 0 0 0 0 0 0 0 0 0 0 0 0 0 0 0 0 0 0 0 0 0 0 0 0 0 0 0 0 0 0 0 0 0 0 0 0 0 0 0 3032 3032 3032 3032 3032 3032 3032 3032 3031 3031 3152 3031 3031 3031 3031 3032 3032 3031 3032 3032 3031 3031 3032 3032 3031 3028 3028 3028 3031 3031 3031 3031 3028 3031 3031 3031 3031 3031 3028 3031 3031 3031 3028 3028 3031 3028 3031 3031 3152 3031 3031 3031 3031 3031 3031 3031 3031 3031 3031 3031 3031 3031 3031 3028 3031 3031 3028 3028 3028 3031 3031 3031 3031 3028 3028 3031 3031 3031 3152 3152 3031 3031 3031 3031 3031 3031 0 0 0 0 0 0 0 0 0 0 0 0 0 0 0 0 0 0 0
0 0 0 0 0 0 0 0 0 0 0 0 0 0 0 0 0 0 0 0 0 0 0 0 0 0 0 0 0 0 0 0 0 0 0 0 0 0 0 0 0 0 3032 3032 3032 3032 3032 3032 3032 3032 3032 3031 3031 3031 3154 3154 3031 3031 3031 3031 3032 3031 3032 3032 3032 3032 3031 3028 3028 3031 3031 3031 3031 3031 3031 3031 3031 3031 3031 3028 3031 3031 3031 3031 3031 3031 3031 3028 3028 3028 3031 3031 3152 3152 3152 3031 3031 3031 3031 3028 3031 3031 3031 3031 3031 3031 3031 3031 3028 3031 3031 3031 3031 3031 3031 3028 3031 3028 3028 3031 3031 3031 3031 3152 3152 3031 3031 3031 3031 3031 3031 0 0 0 0 0 0 0 0 0 0 0 0 0 0 0 0 0 0
0 0 0 0 0 0 0 0 0 0 0 0 0 0 0 0 0 0 0 0 0 0 0 0 0 0 0 0 0 0 0 0 0 0 0 0 0 0 0 0 0 3032 3032 3032 3032 3032 3032 3032 3028 3032 3031 3031 3031 3032 3031 3032 3031 3031 3031 3031 3031 3031 3031 3031 3031 3032 3031 3031 3031 3031 3031 3031 3028 3028 3028 3098 3028 3221 3031 3031 3031 3031 3031 3098 3098 3031 3031 3028 3028 3028 3031 3031 3028 3152 3152 3031 3031 3138 3031 3028 3028 3028 3031 3031 3031 3028 3031 3031 3031 3031 3031 3031 3028 3031 3031 3028 3031 3031 3028 3031 3031 3031 3031 3152 3152 3031 3031 3031 3031 3031 3031 0 0 0 0 0 0 0 0 0 0 0 0 0 0 0 0 0 0
0 0 0 0 0 0 0 0 0 0 0 0 0 0 0 0 0 0 0 0 0 0 0 0 0 0 0 0 0 0 0 0 0 0 0 0 0 0 0 3032 3031 3032 3032 3032 3032 3032 3032 3032 3031 3031 3031 3031 3031 3031 3031 3031 3032 3031 3031 3031 3031 3031 3031 3031 3031 3028 3031 3031 3028 3031 3031 3031 3028 3028 3031 3098 3098 3221 3031 3031 3028 3031 3031 3031 3031 3031 3028 3028 3028 3028 3028 3028 3028 3031 3152 3031 3031 3031 3031 3028 3028 3028 3031 3031 3031 3031 3028 3028 3028 3028 3031 3028 3031 3031 3031 3028 3031 3031 3031 3031 3031 3031 3031 3031 3031 3031 3031 3031 3031 3031 3031 0 0 0 0 0 0 0 0 0 0 0 0 0 0 0 0 0 0
0 0 0 0 0 0 0 0 0 0 0 0 0 0 0 0 0 0 0 0 0 0 0 0 0 0 0 0 0 0 0 0 0 0 0 0 0 3032 3032 3032 3032 3032 3032 3032 3032 3032 3032 3011 3028 3031 3031 3031 3031 3031 3031 3031 3031 3031 3031 3031 3031 3031 3031 3031 3031 3031 3031 3031 3031 3031 3031 3028 3031 3028 3028 3098 3098 3098 3098 3098 3028 3028 3031 3031 3031 3028 3028 3028 3031 3028 3028 3028 3031 3152 3152 3031 3031 3138 3031 3031 3031 3031 3031 3031 3031 3031 3031 3028 3031 3028 3031 3031 3031 3031 3031 3031 3031 3031 3031 3031 3031 3031 3031 3031 3031 3031 3031 3031 3031 3031 3031 0 0 0 0 0 0 0 0 0 0 0 0 0 0 0 0 0 0
0 0 0 0 0 0 0 0 0 0 0 0 0 0 0 0 0 0 0 0 0 0 0 0 0 0 0 0 0 0 0 0 0 0 0 0 3032 3032 3032 3032 3032 3032 3032 3032 3032 3028 3031 3031 3031 3032 3031 3031 3031 3031 3031 3032 3031 3031 3031 3031 3031 3031 3031 3031 3031 3028 3028 3028 3031 3028 3031 3031 3028 3028 3031 3031 3031 3031 3098 3031 3031 3031 3031 3028 3028 3028 3031 3031 3031 3031 3031 3028 3031 3152 3152 3031 3031 3031 3031 3031 3028 3031 3031 3031 3031 3031 3031 3031 3031 3031 3031 3031 3031 3031 3031 3031 3031 3031 3031 3031 3031 3031 3031 3031 3154 3152 3031 3031 3031 3028 3028 3031 0 0 0 0 0 0 0 0 0 0 0 0 0 0 0 0 0
0 0 0 0 0 0 0 0 0 0 0 0 0 0 0 0 0 0 0 0 0 0 0 0 0 0 0 0 0 0 0 0 0 0 0 3032 3032 3032 3032 3032 3032 3032 3032 3032 3032 3032 3028 3028 3031 3031 3031 3031 3031 3031 3031 3031 3031 3031 3031 3031 3031 3031 3031 3031 3028 3031 3028 3028 3028 3031 3031 3031 3031 3031 3031 3031 3031 3031 3098 3031 3031 3031 3031 3028 3028 3028 3031 3028 3098 3031 3028 3028 3031 3152 3152 3031 3031 3031 3031 3031 3031 3031 3031 3031 3031 3031 3031 3031 3031 3031 3031 3031 3031 3031 3031 3031 3031 3031 3031 3031 3031 3031 3028 3031 3028 3152 3031 3031 3031 3028 3028 3028 0 0 0 0 0 0 0 0 0 0 0 0 0 0 0 0 0
0 0 0 0 0 0 0 0 0 0 0 0 0 0 0 0 0 0 0 0 0 0 0 0 0 0 0 0 0 0 0 0 0 3032 3032 3032 3032 3032 3032 3032 3032 3032 3032 3032 3031 3031 3031 3028 3031 3028 3031 3031 3031 3028 3031 3031 3031 3031 3031 3031 3031 3031 3031 3028 3032 3028 3028 3032 3031 3098 3031 3028 3028 3028 3098 3028 3031 3031 3098 3098 3221 3098 3031 3031 3031 3031 3031 3031 3031 3031 3031 3031 3031 3152 3152 3152 3031 3031 3138 3031 3028 3031 3031 3031 3031 3031 3031 3031 3031 3031 3031 3031 3031 3031 3031 3028 3031 3031 3031 3031 3031 3031 3028 3031 3028 3031 3152 3031 3031 3028 3028 3031 0 0 0 0 0 0 0 0 0 0 0 0 0 0 0 0 0
0 0 0 0 0 0 0 0 0 0 0 0 0 0 0 0 0 0 0 0 0 0 0 0 0 0 0 0 0 0 0 0 3032 3032 3032 3032 3032 3032 3032 3032 3032 3032 3032 3031 3031 3031 3031 3031 3031 3031 3031 3031 3031 3031 3031 3031 3031 3031 3031 3031 3031 3031 3028 3028 3032 3031 3028 3028 3221 3221 3031 3028 3031 3152 3152 3152 3152 3028 3152 3152 3098 3031 3098 3098 3031 3028 3031 3031 3028 3031 3031 3028 3031 3028 3154 3152 3031 3031 3031 3031 3031 3031 3031 3028 3031 3031 3031 3031 3031 3031 3031 3031 3031 3031 3031 3031 3031 3031 3031 3031 3031 3031 3031 3031 3031 3031 3152 3152 3031 3028 3028 3031 0 0 0 0 0 0 0 0 0 0 0 0 0 0 0 0 0
0 0 0 0 0 0 0 0 0 0 0 0 0 0 0 0 0 0 0 0 0 0 0 0 0 0 0 0 0 0 0 3032 3032 3032 3032 3032 3032 3032 3032 3032 3032 3032 3028 3011 3031 3031 3031 3031 3031 3031 3031 3098 3031 3031 3031 3031 3031 3031 3031 3031 3028 3031 3031 3221 3032 3028 3031 3028 3098 3028 3028 3028 3152 3152 3152 3152 3152 3031 3152 3152 3152 3031 3098 3098 3098 3031 3031 3031 3031 3031 3031 3028 3031 3031 3154 3152 3028 3031 3031 3031 3031 3031 3031 3031 3031 3031 3031 3031 3031 3031 3031 3031 3031 3031 3031 3031 3031 3028 3031 3031 3031 3031 3031 3031 3031 3031 3152 3152 3031 3028 3031 3031 0 0 0 0 0 0 0 0 0 0 0 0 0 0 0 0 0
0 0 0 0 0 0 0 0 0 0 0 0 0 0 0 0 0 0 0 0 0 0 0 0 0 0 0 0 0 3032 3032 3032 3032 3032 3032 3032 3032 3032 3032 3032 3032 3032 3032 3028 3031 3031 3031 3031 3031 3031 3031 3031 3031 3031 3031 3031 3031 3031 3031 3031 3031 3031 3028 3031 3098 3028 3028 3031 3098 3028 3152 3152 3152 3028 3028 3028 3032 3152 3152 3152 3152 3152 3031 3028 3031 3031 3031 3031 3031 3031 3031 3028 3028 3098 3028 3098 3152 3152 3028 3028 3028 3031 3031 3031 3031 3031 3031 3031 3031 3031 3031 3031 3031 3031 3031 3031 3031 3028 3031 3031 3031 3031 3031 3031 3031 3031 3152 3031 3031 3031 3028 3028 3031 0 0 0 0 0 0 0 0 0 0 0 0 0 0 0 0
0 0 0 0 0 0 0 0 0 0 0 0 0 0 0 0 0 0 0 0 0 0 0 0 0 0 0 0 3032 3032 3032 3032 3032 3032 3032 3032 3032 3032 3032 3032 3032 3032 3031 3028 3031 3028 3032 3028 3031 3098 3031 3031 3031 3098 3098 3031 3031 3031 3031 3031 3031 3031 3028 3028 3028 3028 3031 3152 3031 3028 3152 3152 3028 3028 3028 3028 3028 3031 3028 3028 3152 3152 3152 3152 3152 3031 3098 3028 3031 3028 3028 3028 3028 3028 3028 3028 3031 3152 3152 3028 3028 3098 3031 3031 3028 3028 3028 3031 3031 3028 3028 3034 3031 3031 3031 3031 3031 3031 3031 3031 3031 3031 3031 3031 3031 3031 3031 3031 3031 3031 3031 3031 3031 3031 0 0 0 0 0 0 0 0 0 0 0 0 0 0 0
0 0 0 0 0 0 0 0 0 0 0 0 0 0 0 0 0 0 0 0 0 0 0 0 0 0 0 3032 3032 3032 3032 3032 3032 3032 3032 3032 3032 3032 3032 3032 3032 3032 3031 3028 3032 3154 3154 3032 3028 3031 3031 3031 3031 3031 3031 3031 3098 3031 3098 3031 3031 3031 3028 3028 3028 3028 3028 3098 3152 3152 3028 3028 3028 3028 3028 3028 3028 3028 3028 3028 3152 3152 3152 3152 3152 3152 3152 3028 3031 3028 3031 3031 3028 3028 3028 3028 3028 3028 3152 3152 3152 3098 3028 3028 3031 3031 3031 3031 3031 3031 3028 3034 3028 3031 3031 3031 3031 3031 3031 3031 3031 3031 3031 3031 3031 3031 3031 3031 3031 3031 3031 3031 3031 3031 0 0 0 0 0 0 0 0 0 0 0 0 0 0 0
0 0 0 0 0 0 0 0 0 0 0 0 0 0 0 0 0 0 0 0 0 0 0 0 0 0 3032 3032 3032 3032 3032 3032 3032 3032 3032 3032 3032 3028 3032 3032 3032 3031 3031 3031 3032 3028 3154 3032 3032 3028 3011 3031 3031 3154 3031 3031 3031 3031 3031 3031 3031 3031 3031 3031 3152 3028 3152 3152 3152 3028 3028 3028 3028 3028 3028 3031 3028 3028 3028 3028 3028 3028 3028 3152 3028 3028 3028 3031 3152 3031 3031 3028 3028 3031 3031 3028 3031 3098 3028 3154 3152 3028 3028 3028 3031 3028 3028 3028 3031 3028 3028 3028 3028 3031 3028 3031 3028 3031 3031 3028 3031 3031 3031 3031 3031 3031 3031 3031 3031 3031 3031 3031 3031 3031 3031 0 0 0 0 0 0 0 0 0 0 0 0 0 0
0 0 0 0 0 0 0 0 0 0 0 0 0 0 0 0 0 0 0 0 0 0 0 0 0 3032 3032 3032 3032 3032 3032 3032 3032 3032 3032 3032 3032 3032 3032 3032 3032 3031 3032 3031 3032 3032 3032 3032 3031 3032 3032 3031 3031 3032 3154 3154 3031 3031 3031 3031 3031 3031 3152 3152 3028 3028 3028 3028 3152 3031 3028 3028 3028 3028 3028 3028 3031 3031 3031 3031 3028 3028 3152 3152 3031 3028 3028 3028 3031 3152 3255 3152 3255 3152 3152 3152 3028 3028 3028 3028 3154 3098 3031 3028 3152 3098 3098 3126 3098 3031 3028 3028 3028 3028 3028 3028 3028 3031 3031 3031 3031 3031 3031 3031 3031 3031 3031 3031 3031 3031 3031 3031 3031 3031 3031 3031 0 0 0 0 0 0 0 0 0 0 0 0 0
0 0 0 0 0 0 0 0 0 0 0 0 0 0 0 0 0 0 0 0 0 0 0 0 0 3032 3032 3032 3032 3032 3032 3032 3032 3032 3032 3032 3032 3032 3032 3032 3032 3031 3031 3031 3028 3028 3032 3028 3032 3011 3031 3031 3031 3031 3154 3154 3152 3028 3028 3031 3031 3152 3152 3028 3031 3028 3028 3152 3152 3031 3028 3031 3028 3028 3028 3028 3028 3028 3028 3028 3028 3028 3028 3152 3028 3028 3028 3028 3031 3152 3154 3255 3255 3255 3152 3152 3031 3031 3098 3028 3028 3154 3098 3154 3255 3028 3028 3098 3031 3031 3028 3028 3031 3031 3028 3028 3028 3031 3031 3031 3031 3031 3031 3031 3031 3031 3031 3031 3031 3031 3031 3031 3031 3031 3031 3031 3031 3031 0 0 0 0 0 0 0 0 0 0 0
0 0 0 0 0 0 0 0 0 0 0 0 0 0 0 0 0 0 0 0 0 0 0 0 3032 3032 3032 3032 3098 3032 3028 3032 3032 3032 3032 3032 3032 3032 3032 3032 3032 3031 3032 3032 3028 3032 3032 3028 3031 3032 3032 3154 3154 3154 3154 3154 3152 3152 3152 3152 3152 3152 3028 3028 3028 3028 3152 3152 3031 3031 3028 3031 3028 3028 3098 3031 3032 3028 3028 3028 3028 3152 3152 3028 3028 3028 3028 3028 3031 3031 3031 3031 3031 3031 3031 3031 3255 3152 3255 3255 3255 3255 3032 3032 3255 3154 3154 3154 3154 3154 3028 3028 3028 3031 3028 3028 3031 3031 3031 3031 3031 3031 3031 3031 3031 3098 3031 3031 3031 3031 3031 3031 3031 3031 3031 3031 3031 3031 3031 0 0 0 0 0 0 0 0 0 0
0 0 0 0 0 0 0 0 0 0 0 0 0 0 0 0 0 0 0 0 0 0 0 0 3098 3032 3032 3032 3032 3032 3032 3032 3032 3032 3032 3032 3032 3032 3032 3032 3032 3152 3152 3154 3028 3032 3032 3032 3154 3154 3154 3032 3032 3032 3032 3032 3032 3028 3152 3028 3028 3028 3028 3028 3028 3028 3028 3028 3152 3028 3028 3031 3031 3031 3028 3031 3028 3028 3028 3028 3028 3152 3152 3152 3028 3031 3028 3031 3031 3031 3031 3031 3031 3031 3031 3031 3028 3028 3028 3028 3028 3028 3032 3032 3154 3255 3028 3154 3154 3152 3031 3031 3098 3031 3031 3031 3221 3031 3031 3031 3031 3031 3031 3031 3031 3031 3031 3031 3031 3031 3031 3031 3031 3031 3031 3031 3031 3031 3031 3031 0 0 0 0 0 0 0 0 0
0 0 0 0 0 0 0 0 0 0 0 0 0 0 0 0 0 0 0 0 0 0 3032 3032 3032 3032 3032 3032 3032 3028 3032 3032 3032 3032 3032 3032 3032 3032 3032 3032 3032 3152 3032 3152 3255 3032 3032 3255 3152 3154 3154 3028 3032 3032 3032 3032 3032 3028 3152 3028 3028 3028 3028 3028 3028 3028 3028 3028 3152 3031 3028 3031 3031 3031 3031 3031 3028 3028 3028 3098 3028 3152 3152 3031 3028 3028 3031 3031 3031 3031 3031 3031 3031 3098 3031 3028 3028 3028 3028 3028 3028 3028 3255 3154 3154 3154 3255 3255 3255 3255 3152 3031 3031 3031 3031 3031 3031 3221 3031 3031 3031 3031 3031 3031 3031 3031 3031 3031 3031 3031 3031 3031 3031 3031 3031 3031 3031 3031 3031 3031 0 0 0 0 0 0 0 0 0
0 0 0 0 0 0 0 0 0 0 0 0 0 0 0 0 0 0 0 0 3032 3032 3032 3032 3032 3032 3032 3032 3032 3028 3032 3032 3032 3032 3032 3032 3032 3032 3032 3032 3032 3032 3032 3032 3032 3032 3032 3032 3032 3032 3032 3032 3032 3032 3032 3032 3032 3032 3032 3032 3028 3028 3032 3028 3028 3028 3028 3028 3152 3028 3028 3028 3031 3028 3028 3031 3028 3028 3028 3028 3152 3028 3028 3028 3028 3028 3028 3028 3028 3031 3028 3031 3031 3031 3031 3031 3028 3028 3028 3032 3028 3152 3028 3154 3255 3154 3154 3255 3154 3154 3154 3154 3152 3255 3152 3152 3154 3152 3154 3154 3031 3031 3031 3031 3031 3031 3152 3152 3031 3031 3031 3031 3031 3031 3031 3031 3031 3031 3031 3031 3031 0 0 0 0 0 0 0 0
0 0 0 0 0 0 0 0 0 0 0 0 0 0 0 3032 3028 3032 3032 3032 3032 3032 3032 3032 3032 3032 3032 3032 3032 3032 3032 3032 3032 3032 3032 3032 3032 3032 3032 3032 3032 3031 3032 3032 3031 3032 3032 3032 3032 3032 3031 3032 3032 3032 3032 3032 3032 3032 3032 3032 3028 3032 3032 3028 3028 3028 3028 3031 3152 3028 3028 3028 3028 3028 3028 3031 3028 3028 3028 3028 3152 3028 3028 3028 3028 3028 3028 3028 3028 3028 3031 3028 3031 3028 3028 3028 3028 3028 3028 3028 3028 3031 3031 3152 3031 3031 3031 3154 3154 3031 3031 3031 3031 3028 3028 3028 3028 3028 3028 3152 3031 3152 3152 3154 3154 3152 3255 3152 3152 3152 3031 3031 3031 3031 3031 3031 3031 3031 3031 3031 3031 0 0 0 0 0 0 0 0
0 0 0 0 0 0 0 0 0 0 0 0 0 0 3032 3028 3032 3032 3032 3032 3032 3032 3032 3032 3032 3032 3032 3032 3032 3032 3032 3032 3032 3032 3032 3032 3032 3032 3032 3032 3032 3032 3032 3032 3031 3032 3032 3032 3032 3032 3028 3032 3032 3032 3032 3032 3032 3032 3032 3032 3032 3028 3032 3028 3028 3031 3028 3028 3152 3028 3028 3031 3028 3028 3028 3028 3028 3028 3028 3098 3152 3028 3028 3028 3028 3028 3028 3028 3028 3031 3028 3028 3031 3031 3031 3031 3031 3031 3031 3028 3028 3031 3031 3031 3031 3031 3031 3152 3154 3031 3031 3031 3031 3028 3028 3028 3031 3028 3028 3028 3152 3152 3152 3154 3154 3154 3154 3154 3152 3152 3152 3031 3031 3031 3031 3098 3031 3031 3031 3031 3152 0 0 0 0 0 0 0 0
0 0 0 0 0 0 0 0 0 0 0 0 0 3032 3221 3098 3032 3028 3032 3032 3032 3032 3032 3032 3032 3032 3032 3032 3032 3032 3032 3032 3032 3032 3032 3032 3032 3032 3032 3032 3032 3032 3032 3032 3032 3032 3032 3032 3032 3032 3032 3032 3032 3032 3032 3032 3032 3032 3032 3032 3032 3028 3028 3028 3028 3028 3031 3028 3152 3152 3031 3028 3028 3032 3028 3028 3028 3028 3098 3028 3152 3028 3031 3028 3028 3028 3028 3028 3028 3028 3028 3031 3028 3031 3031 3031 3031 3098 3031 3028 3028 3028 3031 3031 3028 3028 3028 3028 3152 3152 3031 3031 3031 3028 3028 3028 3031 3028 3028 3028 3028 3028 3028 3031 3028 3031 3031 3031 3154 3154 3154 3154 3154 3152 3152 3152 3152 3152 3255 3255 3154 0 0 0 0 0 0 0 0
0 0 0 0 0 0 0 0 0 0 0 0 3032 3032 3032 3032 3032 3032 3032 3032 3032 3032 3032 3032 3032 3032 3152 3152 3152 3032 3032 3032 3032 3032 3032 3032 3032 3032 3032 3032 3032 3032 3032 3032 3032 3032 3032 3032 3032 3032 3032 3032 3032 3032 3032 3032 3032 3032 3032 3032 3032 3032 3032 3032 3028 3028 3028 3032 3031 3031 3031 3028 3028 3028 3028 3028 3028 3028 3028 3028 3028 3028 3028 3031 3028 3031 3028 3028 3028 3028 3031 3031 3031 3032 3028 3032 3028 3028 3031 3028 3028 3028 3032 3032 3028 3028 3028 3028 3031 3031 3152 3028 3028 3028 3028 3028 3028 3028 3028 3028 3028 3028 3028 3031 3031 3031 3031 3031 3031 3031 3031 3031 3255 3255 3154 3154 3154 3154 3255 0 0 0 0 0 0 0 0 0 0
0 0 0 0 0 0 0 0 0 0 0 3032 3032 3032 3098 3032 3032 3032 3032 3032 3032 3032 3032 3032 3032 3032 3152 3032 3032 3032 3032 3032 3032 3032 3032 3032 3032 3032 3032 3032 3032 3032 3032 3032 3032 3032 3032 3032 3032 3032 3032 3031 3031 3154 3032 3032 3032 3032 3032 3032 3032 3032 3032 3032 3028 3028 3028 3152 3028 3028 3028 3028 3028 3028 3031 3028 3028 3028 3028 3028 3031 3028 3028 3028 3028 3028 3028 3028 3028 3028 3031 3031 3028 3028 3032 3028 3028 3028 3028 3028 3028 3028 3028 3032 3028 3028 3031 3031 3031 3031 3152 3031 3028 3028 3028 3028 3028 3028 3028 3028 3028 3031 3028 3031 3031 3031 3031 3031 3031 3031 3031 3255 3255 3255 3154 3154 3154 3031 0 0 0 0 0 0 0 0 0 0 0
0 0 0 0 0 0 0 0 0 0 0 3032 3032 3032 3032 3032 3032 3032 3032 3032 3032 3028 3032 3032 3032 3032 3032 3032 3032 3032 3032 3032 3032 3032 3032 3032 3032 3028 3032 3032 3032 3032 3032 3032 3032 3032 3032 3032 3031 3031 3031 3154 3154 3032 3032 3032 3032 3032 3032 3032 3032 3032 3032 3032 3032 3028 3152 3152 3031 3028 3028 3032 3028 3028 3028 3028 3028 3028 3028 3028 3031 3152 3031 3028 3028 3028 3028 3028 3028 3028 3028 3028 3028 3028 3028 3028 3028 3028 3028 3028 3028 3028 3028 3028 3028 3031 3028 3031 3031 3031 3031 3028 3028 3028 3028 3028 3028 3031 3028 3028 3028 3031 3031 3028 3031 3031 3031 3031 3031 3031 3031 3154 3154 3154 3154 3031 3031 3031 0 0 0 0 0 0 0 0 0 0 0
0 0 0 0 0 0 0 0 0 0 0 3032 3032 3032 3032 3032 3032 3032 3032 3032 3032 3032 3032 3032 3032 3032 3032 3032 3032 3032 3032 3032 3032 3032 3032 3032 3032 3032 3032 3032 3032 3032 3028 3152 3032 3032 3031 3032 3154 3154 3154 3032 3032 3028 3032 3032 3032 3032 3032 3032 3032 3032 3032 3032 3032 3028 3152 3152 3028 3032 3032 3032 3028 3028 3031 3028 3028 3028 3028 3028 3028 3028 3152 3152 3028 3028 3028 3028 3028 3028 3028 3028 3028 3032 3028 3028 3028 3028 3028 3028 3028 3028 3028 3028 3031 3031 3028 3031 3031 3152 3031 3028 3028 3028 3028 3028 3028 3028 3028 3031 3031 3028 3028 3028 3031 3031 3031 3031 3031 3255 3152 3031 3255 3154 3098 3098 3031 3031 0 0 0 0 0 0 0 0 0 0 0
0 0 0 0 0 0 0 0 0 0 3032 3032 3032 3032 3032 3032 3032 3032 3028 3028 3032 3032 3032 3032 3032 3032 3032 3032 3032 3032 3032 3032 3032 3032 3032 3032 3028 3032 3032 3032 3032 3028 3032 3255 3152 3032 3032 3032 3152 3152 3032 3032 3032 3032 3032 3032 3032 3032 3032 3032 3032 3032 3032 3031 3028 3032 3152 3031 3028 3032 3032 3032 3032 3028 3032 3032 3028 3028 3028 3028 3028 3028 3152 3031 3028 3031 3028 3031 3028 3028 3028 3028 3028 3028 3028 3028 3028 3028 3028 3028 3028 3028 3028 3028 3031 3031 3028 3031 3031 3031 3152 3031 3028 3028 3028 3028 3031 3031 3031 3031 3031 3028 3028 3028 3031 3031 3031 3031 3031 3255 3031 3031 3152 3152 3152 3031 3031 3031 0 0 0 0 0 0 0 0 0 0 0
0 0 0 0 0 0 0 0 0 0 3032 3032 3032 3032 3032 3032 3032 3032 3032 3032 3032 3032 3032 3032 3032 3032 3032 3032 3032 3032 3032 3032 3032 3032 3032 3032 3028 3028 3032 3032 3032 3032 3032 3032 3032 3032 3028 3032 3032 3028 3028 3032 3032 3032 3032 3032 3032 3032 3032 3028 3032 3032 3032 3028 3028 3032 3152 3031 3028 3032 3032 3032 3031 3031 3028 3031 3031 3028 3028 3028 3028 3152 3152 3031 3028 3031 3028 3031 3028 3028 3028 3028 3028 3028 3028 3028 3028 3028 3028 3028 3028 3028 3028 3028 3028 3031 3031 3028 3031 3152 3152 3031 3028 3028 3031 3031 3031 3028 3028 3031 3031 3028 3028 3028 3031 3152 3152 3031 3152 3031 3031 3255 3152 3031 3031 3031 3031 3031 0 0 0 0 0 0 0 0 0 0 0
0 0 0 0 0 0 0 0 0 0 3098 3032 3126 3126 3032 3032 3032 3032 3032 3032 3032 3032 3032 3032 3032 3032 3032 3032 3032 3032 3098 3098 3032 3032 3032 3032 3032 3032 3032 3032 3032 3032 3032 3032 3032 3032 3032 3032 3032 3032 3032 3032 3028 3032 3032 3032 3032 3032 3028 3032 3032 3032 3032 3028 3028 3152 3032 3032 3028 3032 3028 3032 3032 3032 3032 3031 3031 3028 3028 3032 3028 3032 3152 3031 3028 3032 3028 3031 3028 3028 3028 3028 3028 3028 3028 3028 3028 3028 3028 3028 3028 3028 3028 3028 3028 3031 3031 3028 3032 3152 3031 3028 3028 3028 3028 3031 3031 3031 3031 3028 3028 3028 3028 3028 3031 3152 3031 3031 3031 3031 3031 3152 3152 3031 3031 3031 3031 3031 0 0 0 0 0 0 0 0 0 0 0
0 0 0 0 0 0 0 0 0 3032 3098 3098 3098 3126 3098 3032 3032 3032 3032 3032 3032 3032 3032 3032 3032 3032 3032 3032 3032 3098 3032 3032 3032 3032 3032 3032 3032 3032 3032 3032 3032 3032 3032 3032 3032 3032 3028 3032 3032 3032 3032 3032 3032 3032 3032 3032 3032 3032 3032 3032 3032 3032 3032 3032 3028 3032 3028 3028 3028 3028 3032 3028 3032 3028 3031 3031 3031 3028 3028 3028 3028 3028 3031 3031 3028 3032 3028 3028 3028 3028 3028 3028 3028 3028 3028 3028 3028 3028 3028 3028 3028 3028 3028 3028 3031 3031 3031 3031 3031 3028 3031 3028 3028 3028 3028 3031 3031 3031 3031 3028 3031 3028 3031 3031 3031 3031 3031 3031 3031 3031 3031 3031 3031 3028 3031 3031 3031 3031 0 0 0 0 0 0 0 0 0 0 0
0 0 0 0 0 0 0 0 3032 3032 3098 3098 3126 3098 3098 3032 3032 3032 3032 3098 3032 3032 3032 3032 3032 3032 3032 3032 3032 3032 3032 3032 3032 3032 3032 3032 3032 3028 3032 3032 3032 3032 3032 3032 3032 3032 3032 3028 3032 3032 3032 3028 3028 3032 3031 3031 3032 3032 3032 3032 3032 3032 3032 3032 3031 3032 3032 3032 3028 3028 3028 3028 3028 3032 3032 3032 3031 3031 3098 3028 3028 3028 3032 3031 3031 3032 3032 3031 3028 3032 3032 3028 3028 3028 3028 3028 3028 3028 3028 3028 3028 3028 3028 3028 3028 3031 3031 3031 3028 3028 3152 3028 3028 3028 3028 3031 3031 3031 3031 3028 3028 3031 3031 3031 3031 3031 3031 3031 3031 3031 3031 3152 3028 3028 3028 3031 3028 3031 0 0 0 0 0 0 0 0 0 0 0
0 0 0 0 0 0 0 3032 3032 3032 3032 3098 3098 3098 3098 3032 3032 3032 3032 3032 3032 3028 3032 3032 3032 3032 3032 3032 3032 3032 3032 3032 3032 3032 3032 3032 3032 3032 3032 3032 3032 3032 3032 3032 3032 3032 3032 3032 3032 3032 3031 3028 3028 3032 3032 3032 3032 3032 3032 3032 3032 3032 3028 3028 3032 3152 3032 3032 3028 3028 3028 3032 3032 3032 3032 3032 3032 3031 3031 3031 3031 3028 3032 3028 3098 3098 3032 3031 3031 3028 3028 3028 3028 3028 3028 3028 3028 3028 3028 3028 3028 3028 3028 3028 3028 3031 3031 3031 3028 3028 3152 3028 3028 3028 3028 3031 3031 3031 3028 3028 3031 3031 3031 3031 3031 3031 3031 3031 3031 3031 3031 3152 3028 3031 3028 3028 3028 3028 0 0 0 0 0 0 0 0 0 0 0
0 0 0 0 0 0 3032 3032 3032 3032 3032 3032 3032 3032 3032 3032 3032 3032 3032 3032 3032 3032 3032 3032 3032 3032 3032 3032 3032 3032 3032 3032 3032 3032 3032 3032 3032 3032 3032 3032 3032 3032 3032 3032 3032 3032 3032 3032 3032 3032 3031 3028 3032 3032 3032 3032 3032 3032 3032 3032 3032 3032 3031 3032 3032 3154 3032 3028 3028 3032 3032 3031 3032 3032 3032 3032 3032 3031 3031 3031 3032 3031 3154 3031 3098 3031 3031 3031 3031 3032 3028 3028 3028 3028 3028 3028 3028 3028 3028 3028 3028 3028 3028 3028 3028 3028 3031 3031 3031 3031 3152 3028 3028 3028 3028 3031 3028 3031 3028 3031 3031 3031 3031 3031 3031 3031 3031 3031 3031 3031 3031 3152 3031 3031 3028 3031 3031 3028 0 0 0 0 0 0 0 0 0 0 0
0 0 0 0 0 0 3032 3032 3032 3032 3032 3098 3098 3032 3098 3032 3032 3032 3032 3032 3028 3032 3032 3032 3032 3032 3032 3032 3032 3152 3152 3152 3152 3152 3032 3032 3032 3032 3032 3032 3032 3032 3032 3032 3032 3032 3028 3028 3028 3032 3032 3032 3032 3032 3032 3032 3032 3032 3032 3032 3028 3028 3032 3032 3032 3152 3032 3032 3028 3031 3031 3032 3031 3028 3032 3028 3032 3032 3032 3032 3032 3031 3028 3154 3031 3031 3031 3031 3031 3031 3028 3028 3028 3028 3028 3028 3032 3032 3032 3028 3028 3028 3028 3028 3031 3028 3028 3028 3031 3031 3152 3028 3028 3028 3028 3028 3028 3031 3031 3031 3031 3031 3031 3031 3031 3031 3031 3031 3031 3031 3152 3031 3031 3031 3031 3031 3031 3031 0 0 0 0 0 0 0 0 0 0 0
0 0 0 0 0 0 3032 3032 3032 3032 3032 3032 3098 3098 3098 3032 3032 3032 3032 3032 3032 3032 3032 3098 3032 3032 3032 3152 3152 3152 3032 3032 3032 3032 3032 3032 3032 3032 3032 3032 3032 3032 3032 3032 3028 3028 3028 3028 3028 3028 3032 3032 3032 3032 3032 3032 3032 3032 3032 3032 3032 3032 3032 3032 3032 3152 3154 3032 3031 3031 3031 3031 3032 3032 3032 3032 3032 3028 3028 3032 3032 3032 3032 3152 3031 3098 3031 3031 3031 3031 3028 3032 3028 3028 3028 3028 3028 3028 3028 3028 3028 3028 3028 3028 3032 3028 3028 3028 3028 3028 3152 3028 3028 3028 3028 3028 3028 3031 3031 3031 3028 3031 3031 3031 3031 3031 3031 3031 3031 3031 3152 3031 3031 3031 3031 3031 3031 3031 0 0 0 0 0 0 0 0 0 0 0
0 0 0 0 0 0 3032 3032 3032 3032 3032 3032 3032 3098 3098 3032 3032 3032 3032 3032 3032 3032 3032 3032 3152 3032 3032 3152 3152 3152 3032 3032 3032 3032 3032 3032 3032 3032 3032 3032 3032 3032 3028 3028 3028 3028 3028 3028 3028 3028 3028 3032 3028 3032 3032 3032 3032 3032 3032 3032 3032 3032 3032 3032 3032 3152 3152 3152 3031 3031 3031 3031 3031 3031 3032 3028 3032 3032 3032 3032 3032 3032 3032 3152 3031 3031 3031 3031 3032 3032 3028 3028 3028 3028 3028 3028 3032 3028 3028 3032 3032 3028 3028 3028 3028 3028 3028 3028 3028 3152 3152 3028 3028 3028 3028 3028 3028 3031 3031 3031 3031 3031 3031 3031 3028 3031 3031 3031 3031 3031 3152 3031 3031 3031 3031 3031 3031 3031 0 0 0 0 0 0 0 0 0 0 0
0 0 0 0 0 0 3098 3032 3032 3032 3032 3032 3032 3098 3032 3032 3032 3032 3032 3221 3032 3032 3032 3032 3032 3032 3152 3032 3032 3032 3032 3032 3032 3032 3032 3032 3032 3032 3032 3032 3032 3028 3032 3032 3028 3028 3028 3028 3032 3032 3032 3028 3032 3032 3032 3032 3032 3032 3032 3032 3032 3032 3028 3032 3032 3028 3032 3154 3154 3028 3031 3031 3031 3031 3032 3032 3028 3028 3028 3032 3032 3032 3032 3154 3154 3152 3028 3031 3032 3028 3028 3028 3028 3028 3028 3028 3028 3032 3032 3028 3028 3028 3231 3231 3028 3028 3028 3028 3152 3152 3028 3028 3028 3028 3028 3028 3028 3028 3031 3221 3031 3031 3028 3031 3031 3031 3028 3031 3031 3152 3152 3031 3031 3031 3031 3031 3031 3031 0 0 0 0 0 0 0 0 0 0 0
0 0 0 0 0 0 3032 3032 3032 3032 3032 3032 3032 3098 3098 3032 3098 3032 3032 3032 3032 3032 3152 3152 3032 3032 3032 3032 3032 3032 3032 3032 3032 3032 3032 3032 3032 3032 3032 3032 3032 3032 3028 3032 3028 3028 3028 3028 3032 3032 3032 3028 3028 3028 3032 3028 3032 3032 3032 3032 3028 3032 3032 3032 3028 3032 3032 3032 3152 3152 3154 3031 3031 3031 3032 3032 3028 3028 3028 3032 3028 3028 3032 3032 3154 3152 3028 3028 3028 3028 3028 3028 3028 3028 3028 3028 3032 3032 3028 3028 3028 3032 3028 3231 3028 3028 3028 3028 3028 3152 3028 3028 3028 3028 3028 3028 3028 3028 3031 3031 3031 3031 3031 3031 3031 3031 3031 3031 3031 3152 3152 3028 3031 3028 3028 3031 3031 3031 0 0 0 0 0 0 0 0 0 0 0
0 0 0 0 0 0 3098 3032 3032 3032 3032 3032 3098 3098 3032 3032 3098 3032 3032 3032 3032 3032 3032 3032 3032 3032 3032 3028 3032 3032 3032 3032 3032 3032 3032 3032 3032 3032 3032 3032 3032 3032 3032 3032 3028 3028 3028 3028 3028 3032 3032 3032 3028 3032 3032 3032 3032 3032 3032 3032 3032 3032 3032 3032 3032 3028 3032 3032 3154 3152 3152 3032 3031 3032 3032 3032 3032 3032 3032 3032 3032 3032 3032 3032 3032 3152 3031 3028 3028 3028 3028 3028 3028 3028 3028 3032 3032 3028 3028 3028 3028 3028 3028 3032 3231 3028 3028 3028 3028 3152 3028 3028 3028 3028 3028 3028 3028 3031 3031 3031 3031 3031 3032 3031 3031 3028 3031 3031 3031 3152 3152 3028 3028 3028 3028 3031 3031 3031 0 0 0 0 0 0 0 0 0 0 0
0 0 0 0 0 0 3032 3032 3032 3032 3032 3032 3032 3032 3032 3032 3032 3032 3032 3032 3032 3032 3032 3032 3032 3032 3032 3032 3032 3032 3032 3032 3032 3032 3032 3098 3032 3032 3032 3032 3032 3032 3032 3032 3032 3032 3032 3032 3032 3032 3028 3028 3028 3032 3032 3032 3032 3032 3028 3032 3032 3032 3032 3032 3032 3032 3032 3032 3032 3152 3152 3154 3032 3032 3032 3032 3032 3032 3032 3032 3028 3032 3032 3032 3032 3032 3154 3032 3032 3028 3028 3028 3028 3028 3028 3032 3028 3032 3032 3032 3028 3028 3028 3028 3028 3028 3028 3028 3028 3152 3028 3028 3028 3028 3028 3028 3028 3031 3031 3031 3031 3031 3031 3031 3031 3031 3031 3031 3031 3031 3154 3028 3031 3031 3031 3031 3031 3031 3031 0 0 0 0 0 0 0 0 0 0
0 0 0 0 0 0 3098 3032 3032 3032 3032 3098 3098 3098 3098 3098 3032 3032 3032 3032 3032 3152 3032 3032 3032 3032 3032 3032 3032 3032 3032 3032 3032 3032 3032 3098 3032 3032 3032 3032 3032 3032 3032 3032 3032 3032 3032 3032 3032 3032 3032 3032 3028 3028 3032 3032 3032 3032 3028 3027 3032 3032 3032 3031 3032 3031 3028 3028 3032 3032 3152 3154 3032 3032 3032 3032 3032 3031 3031 3032 3032 3032 3032 3032 3032 3154 3152 3154 3028 3032 3028 3028 3028 3028 3031 3028 3032 3032 3032 3028 3028 3028 3028 3028 3028 3028 3028 3028 3028 3028 3152 3028 3028 3028 3028 3028 3028 3031 3028 3028 3031 3031 3031 3031 3031 3031 3031 3031 3031 3154 3154 3031 3031 3031 3031 3031 3031 3031 3031 0 0 0 0 0 0 0 0 0 0
0 0 0 0 0 0 3032 3032 3098 3032 3032 3032 3098 3032 3098 3032 3032 3032 3032 3032 3152 3032 3032 3032 3032 3032 3032 3032 3032 3032 3032 3032 3032 3098 3098 3032 3032 3032 3032 3032 3032 3032 3032 3032 3032 3032 3032 3032 3028 3028 3028 3032 3032 3032 3032 3032 3032 3032 3032 3032 3032 3032 3032 3032 3032 3032 3032 3028 3031 3032 3031 3154 3032 3032 3032 3032 3032 3031 3032 3032 3032 3032 3032 3032 3032 3032 3152 3152 3032 3028 3028 3028 3028 3028 3031 3032 3032 3032 3028 3028 3028 3028 3028 3028 3028 3028 3028 3028 3028 3028 3152 3152 3028 3028 3028 3028 3028 3031 3031 3031 3028 3031 3031 3031 3031 3028 3031 3031 3031 3154 3154 3031 3031 3031 3031 3031 3031 3031 3031 0 0 0 0 0 0 0 0 0 0
0 0 0 0 0 0 3032 3032 3032 3032 3032 3098 3098 3032 3098 3032 3032 3032 3032 3152 3152 3032 3032 3032 3032 3032 3032 3032 3032 3032 3032 3032 3032 3032 3032 3032 3032 3032 3032 3032 3032 3032 3032 3032 3032 3032 3032 3032 3028 3028 3028 3032 3028 3028 3032 3032 3032 3032 3028 3032 3032 3032 3032 3031 3031 3031 3028 3031 3028 3032 3152 3032 3028 3028 3032 3028 3028 3031 3032 3032 3032 3032 3032 3032 3032 3032 3032 3152 3152 3032 3028 3028 3028 3028 3031 3031 3098 3028 3032 3032 3028 3028 3028 3028 3028 3028 3031 3028 3031 3028 3028 3028 3028 3028 3028 3028 3031 3031 3031 3031 3031 3028 3031 3031 3031 3031 3031 3031 3031 3031 3031 3028 3031 3031 3031 3031 3031 3031 3031 0 0 0 0 0 0 0 0 0 0
0 0 0 0 0 0 3032 3032 3098 3098 3032 3098 3098 3032 3032 3032 3032 3032 3152 3255 3032 3032 3032 3032 3032 3032 3044 3032 3032 3032 3032 3028 3032 3032 3032 3032 3032 3032 3032 3032 3032 3032 3032 3032 3032 3032 3032 3032 3032 3032 3032 3028 3032 3032 3032 3032 3028 3032 3028 3028 3028 3032 3032 3031 3031 3028 3032 3028 3154 3152 3152 3152 3028 3028 3032 3032 3032 3028 3032 3032 3032 3032 3032 3032 3032 3032 3032 3152 3152 3152 3032 3028 3028 3028 3028 3031 3032 3031 3032 3032 3032 3028 3028 3028 3032 3028 3028 3028 3028 3031 3028 3152 3028 3028 3028 3028 3031 3031 3031 3031 3031 3031 3031 3031 3031 3031 3031 3031 3031 3031 3031 3031 3031 3031 3031 3031 3031 3031 3031 0 0 0 0 0 0 0 0 0 0
0 0 0 0 0 0 3032 3032 3032 3032 3098 3032 3032 3098 3098 3032 3032 3032 3152 3032 3032 3032 3058 3032 3032 3032 3032 3032 3032 3032 3032 3032 3032 3032 3032 3032 3032 3032 3032 3032 3032 3032 3032 3032 3032 3032 3032 3032 3032 3032 3032 3028 3032 3032 3032 3032 3028 3028 3032 3028 3032 3032 3028 3032 3028 3028 3031 3031 3154 3152 3152 3152 3028 3032 3032 3032 3028 3032 3032 3028 3028 3032 3032 3032 3032 3032 3032 3032 3032 3154 3032 3032 3028 3028 3028 3031 3032 3031 3028 3032 3028 3028 3028 3028 3032 3028 3032 3028 3028 3028 3028 3152 3028 3028 3028 3028 3031 3031 3031 3031 3031 3031 3031 3031 3031 3031 3031 3031 3031 3031 3031 3031 3031 3031 3031 3031 3031 3031 3031 3031 0 0 0 0 0 0 0 0 0
0 0 0 0 0 0 3032 3032 3032 3032 3032 3098 3098 3098 3032 3032 3032 3152 3154 3032 3032 3058 3032 3032 3032 3032 3058 3032 3032 3032 3032 3032 3032 3032 3032 3032 3032 3032 3032 3032 3032 3032 3032 3032 3032 3032 3032 3032 3032 3032 3032 3032 3032 3028 3032 3098 3028 3032 3032 3028 3028 3031 3028 3028 3032 3031 3098 3032 3154 3152 3152 3028 3028 3032 3032 3028 3028 3032 3031 3028 3032 3028 3028 3032 3032 3032 3032 3032 3032 3154 3152 3032 3028 3028 3028 3031 3032 3032 3028 3031 3032 3028 3028 3028 3032 3032 3032 3031 3031 3028 3031 3152 3028 3028 3028 3031 3031 3031 3031 3031 3031 3028 3028 3031 3028 3031 3031 3031 3031 3031 3031 3031 3031 3031 3031 3031 3031 3031 3031 3031 0 0 0 0 0 0 0 0 0
0 0 0 0 0 3032 3032 3032 3098 3098 3098 3032 3098 3032 3032 3032 3032 3032 3032 3032 3032 3032 3032 3032 3032 3032 3032 3032 3032 3032 3032 3138 3032 3032 3032 3032 3032 3032 3032 3032 3032 3032 3032 3032 3032 3032 3032 3032 3032 3032 3032 3028 3032 3032 3032 3032 3032 3032 3032 3032 3031 3032 3031 3032 3031 3032 3032 3032 3032 3152 3152 3154 3032 3028 3028 3028 3032 3028 3028 3028 3032 3032 3032 3032 3032 3032 3032 3032 3032 3032 3032 3032 3028 3028 3028 3028 3032 3031 3032 3032 3032 3032 3028 3028 3028 3032 3028 3032 3028 3028 3028 3028 3028 3028 3028 3028 3031 3031 3031 3031 3028 3028 3028 3028 3028 3031 3031 3031 3031 3031 3031 3031 3028 3031 3031 3098 3098 3031 3031 3031 0 0 0 0 0 0 0 0 0
0 0 0 0 0 3032 3032 3032 3032 3032 3098 3032 3032 3032 3032 3032 3032 3032 3032 3032 3032 3032 3032 3032 3032 3032 3138 3138 3138 3032 3032 3032 3138 3032 3032 3032 3032 3032 3032 3032 3032 3032 3032 3032 3032 3032 3032 3032 3032 3032 3032 3028 3032 3032 3028 3032 3032 3032 3032 3032 3032 3028 3031 3031 3098 3031 3032 3032 3032 3152 3154 3032 3032 3028 3032 3032 3028 3028 3028 3028 3032 3032 3032 3032 3032 3032 3032 3032 3032 3032 3032 3032 3031 3028 3028 3028 3028 3032 3032 3032 3032 3032 3032 3028 3032 3028 3032 3028 3028 3028 3152 3028 3028 3028 3028 3028 3031 3028 3028 3028 3028 3028 3028 3028 3028 3031 3031 3031 3031 3031 3031 3031 3031 3031 3031 3031 3098 3031 3031 3031 0 0 0 0 0 0 0 0 0
0 0 0 0 0 3032 3032 3032 3032 3032 3032 3032 3032 3032 3032 3032 3032 3032 3058 3058 3032 3032 3032 3138 3032 3032 3032 3032 3032 3032 3032 3032 3138 3138 3138 3032 3032 3032 3032 3032 3032 3032 3032 3032 3138 3032 3032 3032 3032 3032 3032 3032 3032 3028 3028 3028 3032 3032 3098 3032 3028 3028 3032 3031 3031 3032 3032 3098 3032 3154 3154 3032 3028 3032 3028 3032 3032 3028 3028 3032 3032 3032 3032 3032 3032 3032 3032 3032 3032 3032 3032 3154 3032 3028 3028 3028 3032 3032 3028 3032 3028 3032 3028 3028 3028 3028 3032 3028 3032 3032 3154 3032 3032 3028 3028 3028 3031 3031 3031 3031 3031 3031 3031 3031 3031 3031 3031 3031 3031 3031 3031 3028 3031 3031 3031 3098 3098 3031 3031 3031 0 0 0 0 0 0 0 0 0
0 0 0 0 3032 3032 3032 3032 3032 3032 3032 3032 3032 3032 3032 3032 3032 3032 3032 3032 3058 3032 3032 3032 3138 3032 3032 3032 3032 3032 3032 3138 3032 3032 3032 3032 3032 3032 3032 3138 3138 3138 3032 3032 3032 3138 3221 3032 3032 3032 3032 3028 3028 3028 3028 3032 3032 3032 3028 3028 3032 3032 3028 3032 3032 3032 3032 3032 3032 3154 3032 3028 3028 3028 3028 3028 3028 3028 3028 3028 3028 3032 3032 3032 3032 3032 3032 3032 3032 3032 3032 3154 3032 3028 3028 3028 3032 3032 3028 3028 3032 3032 3028 3032 3028 3028 3028 3032 3032 3032 3154 3032 3032 3028 3032 3028 3031 3031 3031 3031 3031 3031 3031 3031 3031 3031 3031 3031 3031 3031 3031 3152 3031 3031 3031 3031 3031 3028 3031 3031 0 0 0 0 0 0 0 0 0
0 0 0 3032 3032 3032 3032 3032 3032 3032 3032 3032 3032 3032 3032 3032 3032 3032 3032 3058 3032 3032 3032 3032 3138 3032 3032 3032 3032 3032 3032 3032 3032 3032 3032 3032 3032 3032 3032 3138 3138 3138 3098 3138 3032 3138 3032 3032 3032 3032 3028 3028 3032 3028 3032 3032 3032 3098 3098 3028 3032 3028 3032 3032 3032 3032 3032 3032 3152 3154 3032 3028 3028 3028 3028 3028 3028 3028 3028 3028 3032 3028 3028 3032 3032 3032 3032 3032 3032 3032 3032 3032 3032 3032 3032 3028 3028 3028 3028 3032 3032 3032 3028 3032 3028 3028 3028 3032 3032 3032 3028 3032 3028 3028 3032 3028 3031 3031 3031 3031 3031 3031 3031 3031 3031 3031 3031 3031 3031 3031 3031 3031 3152 3031 3031 3031 3031 3028 3031 3031 0 0 0 0 0 0 0 0 0
0 0 0 3032 3032 3032 3032 3032 3152 3032 3032 3032 3032 3032 3032 3032 3032 3032 3032 3058 3032 3032 3032 3032 3138 3032 3032 3032 3032 3032 3032 3032 3032 3032 3032 3032 3032 3032 3032 3032 3032 3032 3032 3032 3032 3032 3032 3032 3032 3032 3032 3032 3028 3028 3028 3028 3032 3032 3028 3032 3032 3032 3032 3032 3032 3032 3032 3152 3152 3154 3028 3028 3028 3028 3028 3028 3028 3028 3028 3028 3028 3028 3028 3032 3032 3032 3032 3032 3028 3032 3032 3032 3255 3032 3032 3028 3028 3028 3032 3032 3032 3032 3032 3032 3028 3028 3032 3032 3032 3032 3032 3032 3032 3028 3028 3028 3031 3031 3031 3031 3028 3031 3031 3031 3031 3031 3031 3031 3031 3031 3031 3031 3152 3031 3031 3031 3031 3031 3031 3098 0 0 0 0 0 0 0 0 0
0 0 0 3032 3032 3032 3032 3032 3152 3032 3032 3032 3032 3032 3032 3032 3032 3032 3032 3032 3032 3032 3032 3032 3032 3032 3032 3032 3032 3032 3032 3032 3032 3032 3032 3032 3032 3032 3032 3032 3032 3032 3138 3032 3098 3032 3032 3032 3032 3032 3032 3032 3032 3032 3028 3028 3032 3028 3032 3032 3032 3032 3032 3032 3032 3032 3152 3152 3032 3032 3032 3032 3028 3028 3028 3028 3028 3028 3028 3028 3028 3032 3032 3032 3032 3032 3032 3032 3032 3032 3032 3032 3255 3032 3032 3028 3028 3032 3028 3032 3032 3028 3032 3032 3028 3028 3032 3032 3032 3032 3032 3028 3028 3032 3028 3028 3032 3031 3031 3031 3031 3031 3031 3031 3031 3031 3031 3031 3031 3031 3031 3031 3031 3031 3031 3031 3031 3098 3031 3098 0 0 0 0 0 0 0 0 0
0 0 3032 3032 3032 3032 3032 3152 3032 3032 3032 3032 3032 3032 3032 3032 3032 3032 3032 3032 3032 3032 3032 3032 3032 3032 3032 3032 3032 3032 3032 3032 3032 3032 3032 3032 3032 3032 3032 3032 3032 3138 3032 3032 3032 3032 3138 3032 3032 3032 3032 3032 3032 3032 3028 3032 3028 3032 3032 3032 3032 3032 3032 3032 3032 3032 3152 3152 3032 3032 3032 3028 3028 3032 3028 3028 3028 3028 3028 3028 3028 3028 3032 3032 3032 3032 3032 3032 3032 3032 3032 3032 3032 3152 3032 3032 3028 3028 3032 3032 3032 3032 3032 3032 3032 3028 3032 3032 3028 3032 3028 3032 3028 3032 3028 3032 3032 3031 3031 3031 3031 3031 3031 3031 3031 3031 3031 3031 3031 3031 3098 3031 3031 3031 3031 3028 3031 3098 3031 3098 3031 0 0 0 0 0 0 0 0
0 0 3032 3098 3032 3032 3032 3032 3032 3032 3152 3152 3032 3032 3032 3032 3032 3032 3032 3032 3032 3032 3032 3032 3032 3032 3032 3032 3032 3032 3032 3032 3032 3032 3032 3032 3032 3032 3032 3138 3032 3032 3032 3032 3032 3032 3032 3032 3032 3032 3032 3032 3028 3028 3032 3028 3032 3032 3032 3032 3032 3032 3032 3098 3032 3032 3032 3152 3152 3032 3032 3031 3028 3031 3032 3032 3028 3028 3028 3028 3032 3032 3032 3032 3032 3032 3032 3032 3032 3032 3032 3032 3032 3152 3152 3032 3032 3032 3032 3032 3028 3032 3032 3032 3032 3032 3032 3032 3032 3032 3032 3032 3032 3032 3032 3032 3032 3031 3031 3031 3031 3032 3031 3031 3031 3031 3031 3031 3031 3031 3031 3031 3031 3031 3031 3098 3098 3031 3031 3031 3031 0 0 0 0 0 0 0 0
0 0 3032 3032 3032 3032 3032 3032 3032 3032 3032 3032 3032 3032 3032 3032 3032 3032 3032 3032 3032 3032 3032 3032 3032 3032 3032 3032 3032 3032 3032 3032 3032 3032 3032 3032 3032 3032 3032 3032 3032 3032 3032 3138 3138 3138 3032 3032 3032 3032 3028 3032 3032 3028 3028 3032 3028 3032 3032 3032 3032 3032 3032 3032 3032 3152 3152 3152 3152 3032 3032 3031 3031 3028 3031 3028 3032 3028 3028 3028 3028 3032 3031 3032 3032 3032 3032 3032 3032 3032 3032 3032 3032 3032 3154 3154 3032 3032 3032 3032 3032 3032 3032 3032 3032 3032 3032 3032 3032 3032 3032 3032 3032 3032 3032 3032 3031 3031 3031 3031 3031 3028 3031 3031 3031 3032 3031 3031 3031 3031 3031 3152 3028 3031 3031 3031 3031 3031 3031 3031 3031 0 0 0 0 0 0 0 0
0 0 3032 3135 3032 3032 3032 3032 3032 3032 3032 3032 3032 3032 3032 3032 3032 3032 3032 3032 3032 3032 3032 3032 3032 3032 3032 3032 3032 3032 3032 3032 3032 3032 3032 3032 3032 3032 3032 3032 3032 3032 3032 3032 3032 3138 3138 3032 3032 3032 3032 3032 3032 3028 3028 3028 3028 3032 3032 3032 3032 3032 3032 3032 3032 3152 3152 3152 3152 3032 3032 3032 3028 3032 3028 3032 3028 3028 3028 3031 3031 3031 3031 3028 3032 3032 3032 3032 3032 3032 3032 3032 3032 3032 3032 3154 3032 3032 3032 3032 3032 3032 3032 3032 3032 3032 3032 3032 3032 3032 3032 3032 3028 3032 3032 3032 3032 3031 3031 3031 3028 3031 3031 3031 3032 3031 3031 3031 3031 3031 3031 3152 3031 3031 3031 3031 3098 3031 3031 3031 3031 3031 0 0 0 0 0 0 0
0 0 0 3032 3032 3032 3032 3032 3032 3032 3032 3044 3032 3032 3032 3032 3032 3032 3032 3032 3032 3032 3032 3032 3032 3032 3032 3058 3032 3032 3032 3032 3032 3032 3032 3032 3032 3032 3032 3032 3032 3032 3032 3032 3032 3032 3032 3032 3032 3032 3028 3032 3032 3028 3028 3028 3028 3032 3032 3032 3032 3032 3032 3221 3221 3032 3152 3152 3152 3032 3032 3032 3031 3031 3031 3028 3031 3028 3028 3032 3032 3032 3031 3032 3028 3032 3032 3138 3032 3032 3032 3032 3032 3032 3032 3031 3032 3032 3032 3032 3032 3032 3032 3032 3032 3032 3032 3032 3032 3032 3032 3028 3032 3032 3032 3032 3032 3031 3032 3031 3032 3032 3028 3032 3028 3032 3031 3031 3031 3031 3031 3031 3031 3031 3031 3031 3031 3031 3031 3031 3031 3031 0 0 0 0 0 0 0
0 0 0 0 3032 3138 3032 3032 3032 3032 3032 3032 3032 3032 3032 3032 3032 3032 3032 3032 3032 3032 3032 3032 3032 3032 0 0 0 0 0 0 3032 3032 3032 3032 3032 3028 3032 3032 3032 3138 3032 3032 3032 3138 3138 3221 3032 3032 3032 3032 3032 3032 3028 3032 3032 3032 3032 3028 3031 3032 3032 3032 3032 3032 3152 3152 3152 3032 3032 3031 3031 3031 3031 3028 3031 3032 3032 3032 3032 3031 3028 3031 3032 3032 3032 3032 3032 3032 3032 3032 3032 3032 3032 3031 3032 3032 3032 3032 3031 3032 3032 3032 3032 3032 3032 3032 3032 3032 3032 3032 3032 3032 3032 3032 3032 3032 3032 3032 3031 3032 3028 3032 3032 3031 3032 3032 3031 3031 3098 3031 3031 3031 3031 3031 3031 3031 3031 3031 3031 3031 3098 0 0 0 0 0 0
0 0 0 0 0 3032 3032 3032 3032 3032 3032 3032 3032 3032 3032 3032 3032 3032 3032 3032 3032 3032 3032 0 0 0 0 0 0 0 0 0 3032 3138 3032 3028 3032 3138 3032 3032 3138 3032 3032 3032 3032 3221 3138 3221 3032 3032 3032 3032 3032 3032 3032 3028 3032 3032 3032 3032 3032 3028 3032 3032 3032 3032 3152 3152 3152 3032 3032 3032 3032 3032 3031 3031 3028 3032 3032 3031 3032 3031 3031 3031 3032 3032 3032 3032 3031 3032 3032 3032 3032 3032 3032 3032 3032 3032 3032 3032 3031 3032 3032 3032 3032 3032 3032 3032 3032 3032 3032 3032 3032 3032 3032 3032 3032 3032 3032 3032 3028 3032 3028 3032 3032 3031 3031 3032 3031 3031 3098 3031 3031 3031 3031 3031 3031 3031 3031 3031 3032 3031 3028 0 0 0 0 0 0
0 0 0 0 0 0 0 3032 3032 3032 3032 3032 3032 3032 3032 3032 3032 3126 3032 3032 3032 0 0 0 0 0 0 0 0 0 0 0 0 3098 3138 3032 3032 3028 3028 3032 3032 3138 3032 3032 3138 3032 3032 3032 3032 3032 3032 3032 3032 3032 3028 3028 3032 3028 3028 3032 3126 3220 3032 3126 3028 3032 3032 3032 3032 3032 3031 3031 3028 3032 3028 3031 3031 3032 3032 3031 3031 3028 3028 3028 3032 3032 3032 3028 3028 3032 3032 3032 3032 3032 3032 3032 3032 3032 3032 3032 3032 3032 3032 3032 3032 3032 3032 3032 3032 3032 3032 3032 3032 3032 3028 3032 3032 3032 3032 3032 3031 3032 3028 3028 3031 3031 3031 3032 3032 3098 3032 3031 3031 3031 3031 3031 3031 3031 3031 3031 3031 3098 3031 0 0 0 0 0 0
0 0 0 0 0 0 0 0 3032 0 0 0 0 0 0 0 0 0 0 3098 0 0 0 0 0 0 0 0 0 0 0 0 0 0 0 3032 3032 3032 3138 3138 3032 3032 3032 3032 3032 3032 3032 3032 3032 3032 3032 3221 3028 3028 3031 3031 3031 3032 3032 3032 3028 3032 3098 3126 3028 3032 3032 3032 3032 3032 3032 3031 3032 3032 3028 3028 3028 3032 3032 3032 3032 3031 3032 3031 3031 3031 3032 3028 3028 3032 3032 3032 3032 3032 3032 3032 3032 3032 3032 3032 3032 3032 3032 3032 3032 3032 3032 3032 3032 3032 3032 3032 3032 3032 3028 3032 3032 3032 3032 3032 3031 3032 3028 3031 3032 3031 3032 3032 3031 3032 3031 3031 3032 3032 3031 3031 3031 3031 3031 3031 3031 3031 3031 0 0 0 0 0 0
0 0 0 0 0 0 0 0 0 0 0 0 0 0 0 0 0 0 0 0 0 0 0 0 0 0 0 0 0 0 0 0 0 0 0 0 3032 3032 3138 3138 3032 3032 3032 3032 3032 3138 3032 3032 3032 3032 3098 3032 3032 3032 3032 3031 3028 3032 3032 3032 3032 3028 3126 3098 3126 3032 3032 3032 3032 3032 3032 3032 3032 3031 3028 3031 3031 3032 3031 3032 3032 3032 3031 3028 3031 3031 3032 3032 3032 3028 3032 3032 3032 3032 3032 3032 3032 3032 3154 3032 3032 3032 3032 3032 3032 3032 3032 3032 3032 3032 3032 3032 3032 3032 3028 3032 3032 3032 3032 3032 3032 3032 3032 3032 3032 3032 3032 3032 3032 3032 3031 3028 3031 3031 3031 3031 3031 3031 3031 3031 3028 3031 3031 0 0 0 0 0 0
0 0 0 0 0 0 0 0 0 0 0 0 0 0 0 0 0 0 0 0 0 0 0 0 0 0 0 0 0 0 0 0 0 0 0 0 3032 3135 3138 3032 3032 3032 3032 3032 3032 3032 3032 3032 3032 3032 3032 3032 3032 3031 3028 3028 3032 3032 3032 3031 3032 3032 3032 3028 3032 3032 3032 3032 3032 3032 3032 3032 3032 3032 3028 3031 3031 3028 3032 3032 3032 3032 3032 3028 3032 3028 3031 3032 3032 3028 3032 3032 3032 3032 3032 3032 3032 3032 3032 3032 3032 3032 3032 3032 3032 3032 3032 3032 3032 3032 3032 3032 3032 3032 3032 3032 3032 3032 3032 3032 3032 3031 3032 3032 3032 3032 3032 3032 3154 3032 3031 3098 3032 3032 3031 3031 3031 3031 3031 3031 3028 3031 3031 0 0 0 0 0 0
0 0 0 0 0 0 0 0 0 0 0 0 0 0 0 0 0 0 0 0 0 0 0 0 0 0 0 0 0 0 0 0 0 0 0 0 0 0 0 0 0 0 0 0 3138 3032 3032 3032 3032 3032 3032 3032 3032 3028 3032 3032 3032 3032 3032 3032 3032 3032 3032 3032 3032 3032 3032 3032 3032 3032 3032 3032 3032 3032 3032 3032 3032 3028 3032 3032 3032 3031 3032 3031 3028 3031 3031 3032 3032 3028 3028 3032 3032 3032 3032 3032 3031 3032 3032 3032 3032 3032 3032 3138 3032 3031 3032 3032 3032 3032 3032 3031 3032 3031 3032 3032 3032 3032 3028 3031 3032 3032 3031 3032 3032 3032 3032 3032 3031 3031 3031 3028 3031 3032 3031 3098 3098 3031 3031 3031 3031 3031 3031 0 0 0 0 0 0
0 0 0 0 0 0 0 0 0 0 0 0 0 0 0 0 0 0 0 0 0 0 0 0 0 0 0 0 0 0 0 0 0 0 0 0 0 0 0 0 0 0 0 0 0 3032 3032 3032 3032 3032 3032 3032 3032 3028 3032 3032 3031 3032 3032 3032 3032 3032 3032 3032 3032 3032 3032 3032 3032 3032 3032 3032 3032 3032 3031 3032 3032 3028 3032 3032 3032 3031 3032 3031 3031 3031 3031 3032 3032 3028 3138 3032 3138 3032 3032 3032 3032 3138 3032 3032 3032 3032 3032 3032 3138 3032 3032 3031 3031 3031 3032 3032 3032 3032 3028 3032 3032 3032 3032 3031 3028 3032 3032 3031 3031 3031 3032 3032 3031 3031 3031 3028 3031 3028 3098 3098 3098 3031 3031 3031 3031 3031 3031 3032 0 0 0 0 0
0 0 0 0 0 0 0 0 0 0 0 0 0 0 0 0 0 0 0 0 0 0 0 0 0 0 0 0 0 0 0 0 0 0 0 0 0 0 0 0 0 0 0 0 0 0 0 0 0 0 0 0 0 0 0 0 0 0 0 3028 3031 3032 3032 3032 3032 3032 3032 3032 3032 3032 3032 3032 3032 3032 3032 3032 3028 3028 3032 3032 3031 3032 3031 3031 3031 3031 3031 3031 3032 3032 3032 3032 3031 3032 3032 3032 3032 3032 3032 3032 3032 3032 3138 3138 3032 3032 3032 3032 3032 3032 3032 3032 3032 3032 3032 3032 3028 3028 3028 3032 3032 3032 3032 3031 3028 3031 3031 3031 3031 3031 3031 3031 3028 3028 3032 3031 3031 3031 3031 3031 3031 3031 3031 3028 0 0 0 0 0
0 0 0 0 0 0 0 0 0 0 0 0 0 0 0 0 0 0 0 0 0 0 0 0 0 0 0 0 0 0 0 0 0 0 0 0 0 0 0 0 0 0 0 0 0 0 0 0 0 0 0 0 0 0 0 0 0 0 0 0 0 3031 3032 3032 3032 3032 3032 3032 3032 3032 3032 3032 3032 3032 3032 3032 3032 3028 3032 3031 3028 3031 0 0 0 0 0 0 0 0 3032 3032 3032 3032 3032 3032 3032 3032 3032 3032 3032 3138 3028 3028 3032 3032 3032 3032 3032 3032 3032 3032 3032 3032 3032 3032 3031 3031 3031 3031 3032 3031 3032 3032 3031 3028 3032 3031 3031 3031 3031 3031 3031 3031 3032 3031 3031 3031 3031 3031 3031 3031 3031 3031 0 0 0 0 0
0 0 0 0 0 0 0 0 0 0 0 0 0 0 0 0 0 0 0 0 0 0 0 0 0 0 0 0 0 0 0 0 0 0 0 0 0 0 0 0 0 0 0 0 0 0 0 0 0 0 0 0 0 0 0 0 0 0 0 0 0 0 0 3032 3032 3032 3032 3032 3032 3032 3032 0 0 0 0 0 0 0 0 0 0 0 0 0 0 0 0 0 0 0 0 3032 3032 3032 3032 3032 3032 3032 3031 3032 3032 3032 3028 3028 3032 3032 3032 3032 3032 3032 3032 3032 3032 3032 3032 3032 3031 3031 3031 3031 3031 3028 3032 3032 3032 3032 3031 3031 3031 3031 3031 3031 3031 3031 3032 3031 3031 3031 3031 3031 3031 3031 3031 3031 0 0 0 0 0
0 0 0 0 0 0 0 0 0 0 0 0 0 0 0 0 0 0 0 0 0 0 0 0 0 0 0 0 0 0 0 0 0 0 0 0 0 0 0 0 0 0 0 0 0 0 0 0 0 0 0 0 0 0 0 0 0 0 0 0 0 0 0 0 3031 3032 3032 3032 3032 0 0 0 0 0 0 0 0 0 0 0 0 0 0 0 0 0 0 0 0 0 0 0 0 0 3031 3032 3032 3032 3032 3032 3032 3032 3032 3031 3028 3032 3032 3032 3032 3032 3032 3032 3032 3032 3032 3032 3031 3031 3031 3031 3032 3032 3032 3032 3032 3031 3028 3032 3031 3031 3031 3031 3032 3032 3032 3031 3031 3031 3031 3031 3031 3031 3031 3028 0 0 0 0 0
0 0 0 0 0 0 0 0 0 0 0 0 0 0 0 0 0 0 0 0 0 0 0 0 0 0 0 0 0 0 0 0 0 0 0 0 0 0 0 0 0 0 0 0 0 0 0 0 0 0 0 0 0 0 0 0 0 0 0 0 0 0 0 0 0 0 3031 3032 0 0 0 0 0 0 0 0 0 0 0 0 0 0 0 0 0 0 0 0 0 0 0 0 0 0 0 0 3032 3032 3032 3032 3138 3032 3032 3032 3138 3028 3028 3032 3032 3032 3032 3032 3032 3032 3032 3031 3032 3031 3031 3028 3032 3032 3028 3031 3032 3031 3032 3032 3031 3031 3031 3028 3028 3028 3028 3031 3031 3031 3031 3031 3031 3031 3031 3031 0 0 0 0 0
0 0 0 0 0 0 0 0 0 0 0 0 0 0 0 0 0 0 0 0 0 0 0 0 0 0 0 0 0 0 0 0 0 0 0 0 0 0 0 0 0 0 0 0 0 0 0 0 0 0 0 0 0 0 0 0 0 0 0 0 0 0 0 0 0 0 0 0 0 0 0 0 0 0 0 0 0 0 0 0 0 0 0 0 0 0 0 0 0 0 0 0 0 0 0 0 0 3032 3032 3031 3032 3032 3032 3028 3138 3028 3028 3032 3032 3032 3032 3032 3032 3032 3032 3032 3031 3031 3031 3032 3032 3031 3028 3031 3032 3032 3031 3032 3031 0 0 0 0 0 0 0 0 0 0 0 0 0 0 0 0 0 0 0 0
0 0 0 0 0 0 0 0 0 0 0 0 0 0 0 0 0 0 0 0 0 0 0 0 0 0 0 0 0 0 0 0 0 0 0 0 0 0 0 0 0 0 0 0 0 0 0 0 0 0 0 0 0 0 0 0 0 0 0 0 0 0 0 0 0 0 0 0 0 0 0 0 0 0 0 0 0 0 0 0 0 0 0 0 0 0 0 0 0 0 0 0 0 0 0 0 0 3138 3032 3031 3138 3032 3032 3138 3138 3138 3028 3032 0 3032 3032 3032 3032 3032 3032 3032 3028 3031 3031 3028 3032 3031 3032 3032 3032 3032 0 0 0 0 0 0 0 0 0 0 0 0 0 0 0 0 0 0 0 0 0 0 0
0 0 0 0 0 0 0 0 0 0 0 0 0 0 0 0 0 0 0 0 0 0 0 0 0 0 0 0 0 0 0 0 0 0 0 0 0 0 0 0 0 0 0 0 0 0 0 0 0 0 0 0 0 0 0 0 0 0 0 0 0 0 0 0 0 0 0 0 0 0 0 0 0 0 0 0 0 0 0 0 0 0 0 0 0 0 0 0 0 0 0 0 0 0 0 0 0 3032 3032 3032 3138 3032 3032 0 0 0 0 0 0 0 3032 3032 3032 3032 3032 3032 3032 3028 3032 3028 3032 3032 3031 3032 3032 0 0 0 0 0 0 0 0 0 0 0 0 0 0 0 0 0 0 0 0 0 0 0 0
0 0 0 0 0 0 0 0 0 0 0 0 0 0 0 0 0 0 0 0 0 0 0 0 0 0 0 0 0 0 0 0 0 0 0 0 0 0 0 0 0 0 0 0 0 0 0 0 0 0 0 0 0 0 0 0 0 0 0 0 0 0 0 0 0 0 0 0 0 0 0 0 0 0 0 0 0 0 0 0 0 0 0 0 0 0 0 0 0 0 0 0 0 0 0 0 0 0 0 0 0 0 0 0 0 0 0 0 0 0 3032 3032 3032 3032 3032 3032 3032 3032 3032 3032 3032 3032 3031 3031 0 0 0 0 0 0 0 0 0 0 0 0 0 0 0 0 0 0 0 0 0 0 0 0 0
0 0 0 0 0 0 0 0 0 0 0 0 0 0 0 0 0 0 0 0 0 0 0 0 0 0 0 0 0 0 0 0 0 0 0 0 0 0 0 0 0 0 0 0 0 0 0 0 0 0 0 0 0 0 0 0 0 0 0 0 0 0 0 0 0 0 0 0 0 0 0 0 0 0 0 0 0 0 0 0 0 0 0 0 0 0 0 0 0 0 0 0 0 0 0 0 0 0 0 0 0 0 0 0 0 0 0 0 0 0 0 3032 3098 3032 3032 3032 3028 3032 3028 3028 3032 3028 3028 0 0 0 0 0 0 0 0 0 0 0 0 0 0 0 0 0 0 0 0 0 0 0 0 0 0
0 0 0 0 0 0 0 0 0 0 0 0 0 0 0 0 0 0 0 0 0 0 0 0 0 0 0 0 0 0 0 0 0 0 0 0 0 0 0 0 0 0 0 0 0 0 0 0 0 0 0 0 0 0 0 0 0 0 0 0 0 0 0 0 0 0 0 0 0 0 0 0 0 0 0 0 0 0 0 0 0 0 0 0 0 0 0 0 0 0 0 0 0 0 0 0 0 0 0 0 0 0 0 0 0 0 0 0 0 0 0 0 3098 3032 3032 3032 3032 3028 3028 3032 3032 3032 0 0 0 0 0 0 0 0 0 0 0 0 0 0 0 0 0 0 0 0 0 0 0 0 0 0 0
0 0 0 0 0 0 0 0 0 0 0 0 0 0 0 0 0 0 0 0 0 0 0 0 0 0 0 0 0 0 0 0 0 0 0 0 0 0 0 0 0 0 0 0 0 0 0 0 0 0 0 0 0 0 0 0 0 0 0 0 0 0 0 0 0 0 0 0 0 0 0 0 0 0 0 0 0 0 0 0 0 0 0 0 0 0 0 0 0 0 0 0 0 0 0 0 0 0 0 0 0 0 0 0 0 0 0 0 0 0 0 0 0 3032 3032 3032 3032 3028 3028 3032 3032 0 0 0 0 0 0 0 0 0 0 0 0 0 0 0 0 0 0 0 0 0 0 0 0 0 0 0 0
0 0 0 0 0 0 0 0 0 0 0 0 0 0 0 0 0 0 0 0 0 0 0 0 0 0 0 0 0 0 0 0 0 0 0 0 0 0 0 0 0 0 0 0 0 0 0 0 0 0 0 0 0 0 0 0 0 0 0 0 0 0 0 0 0 0 0 0 0 0 0 0 0 0 0 0 0 0 0 0 0 0 0 0 0 0 0 0 0 0 0 0 0 0 0 0 0 0 0 0 0 0 0 0 0 0 0 0 0 0 0 0 0 0 3032 3032 3032 3032 3028 3032 0 0 0 0 0 0 0 0 0 0 0 0 0 0 0 0 0 0 0 0 0 0 0 0 0 0 0 0 0
0 0 0 0 0 0 0 0 0 0 0 0 0 0 0 0 0 0 0 0 0 0 0 0 0 0 0 0 0 0 0 0 0 0 0 0 0 0 0 0 0 0 0 0 0 0 0 0 0 0 0 0 0 0 0 0 0 0 0 0 0 0 0 0 0 0 0 0 0 0 0 0 0 0 0 0 0 0 0 0 0 0 0 0 0 0 0 0 0 0 0 0 0 0 0 0 0 0 0 0 0 0 0 0 0 0 0 0 0 0 0 0 0 0 0 3098 3032 3028 3032 0 0 0 0 0 0 0 0 0 0 0 0 0 0 0 0 0 0 0 0 0 0 0 0 0 0 0 0 0 0
0 0 0 0 0 0 0 0 0 0 0 0 0 0 0 0 0 0 0 0 0 0 0 0 0 0 0 0 0 0 0 0 0 0 0 0 0 0 0 0 0 0 0 0 0 0 0 0 0 0 0 0 0 0 0 0 0 0 0 0 0 0 0 0 0 0 0 0 0 0 0 0 0 0 0 0 0 0 0 0 0 0 0 0 0 0 0 0 0 0 0 0 0 0 0 0 0 0 0 0 0 0 0 0 0 0 0 0 0 0 0 0 0 0 0 0 3032 0 0 0 0 0 0 0 0 0 0 0 0 0 0 0 0 0 0 0 0 0 0 0 0 0 0 0 0 0 0 0 0
0 0 0 0 0 0 0 0 0 0 0 0 0 0 0 0 0 0 0 0 0 0 0 0 0 0 0 0 0 0 0 0 0 0 0 0 0 0 0 0 0 0 0 0 0 0 0 0 0 0 0 0 0 0 0 0 0 0 0 0 0 0 0 0 0 0 0 0 0 0 0 0 0 0 0 0 0 0 0 0 0 0 0 0 0 0 0 0 0 0 0 0 0 0 0 0 0 0 0 0 0 0 0 0 0 0 0 0 0 0 0 0 0 0 0 0 0 0 0 0 0 0 0 0 0 0 0 0 0 0 0 0 0 0 0 0 0 0 0 0 0 0 0 0 0 0 0 0 0
0 0 0 0 0 0 0 0 0 0 0 0 0 0 0 0 0 0 0 0 0 0 0 0 0 0 0 0 0 0 0 0 0 0 0 0 0 0 0 0 0 0 0 0 0 0 0 0 0 0 0 0 0 0 0 0 0 0 0 0 0 0 0 0 0 0 0 0 0 0 0 0 0 0 0 0 0 0 0 0 0 0 0 0 0 0 0 0 0 0 0 0 0 0 0 0 0 0 0 0 0 0 0 0 0 0 0 0 0 0 0 0 0 0 0 0 0 0 0 0 0 0 0 0 0 0 0 0 0 0 0 0 0 0 0 0 0 0 0 0 0 0 0 0 0 0 0 0 0
