2019.0           0.0          0    #Stage Volume Area 
2019.2        1676.7        350
2019.4        3361.5       1000
2019.6        5046.3       1686
2019.8        6731.1       4460
2020.0        8731.8       7262
2020.2       12101.4      10091
2020.5       15471.0      12945
2020.7       18840.6      15821
2020.9       22210.2      18717
2021.1       25579.8      21631
2021.3       28949.4      24561
2021.5       32319.0      27506
2021.7       35688.6      30462
2021.9       39058.2      33429
2022.1       45319.5      36405
2022.3       53743.5      39387
2022.5       62167.5      42373
2022.7       70591.5      45363
2023.0       79015.5      48355
2023.2       87439.5      51345
2023.4       95863.5      54334
2023.6      104287.5      57320
2023.8      112711.5      60300
2024.0      121135.5      63274
2024.2      134395.2      66239
2024.4      147873.6      69195
2024.6      161352.0      72140
2024.8      174830.4      75073
2025.0      189313.2      77992
2025.2      209530.8      80897
2025.4      229748.4      83785
2025.7      249966.0      86656
2025.9      270183.6      89508
2026.1      291551.4      92341
2026.3      315138.6      95153
2026.5      338725.8      97943
2026.7      362313.0     100710
2026.9      385900.2     103454
2027.1      409487.4     106172
2027.3      433074.6     108866
2027.5      456661.8     111532
2027.7      480249.0     114172
2027.9      503836.2     116784
2028.2      528646.5     119366
2028.4      553918.5     121920
2028.6      579190.5     124443
2028.8      604462.5     126935
2029.0      629734.5     129396
2029.2      655006.5     131825
2029.4      680278.5     134222
2029.6      705550.5     136586
2029.8      730822.5     138916
2030.0      756653.4     141213
2030.2      786979.8     143476
2030.4      817306.2     145704
2030.6      847632.6     147898
2030.9      877959.0     150057
2031.1      908795.7     152181
2031.3      940806.9     154270
2031.5      972818.1     156324
2031.7     1004829.3     158342
2031.9     1036840.5     160324
2032.1     1069686.0     162272
2032.3     1103382.0     164184
2032.5     1137078.0     166060
2032.7     1170774.0     167901
2032.9     1204470.0     169708
2033.1     1241640.9     171479
2033.4     1280391.3     173216
2033.6     1319141.7     174919
2033.8     1357892.1     176587
2034.0     1396642.5     178222
2034.2     1435392.9     179823
2034.4     1474143.3     181392
2034.6     1512893.7     182928
2034.8     1551644.1     184433
2035.0     1590637.5     185906
2035.2     1632757.5     187348
2035.4     1674877.5     188760
2035.6     1716997.5     190143
2035.8     1759117.5     191496
2036.1     1801237.5     192822
2036.3     1843357.5     194121
2036.5     1885477.5     195393
2036.7     1927597.5     196639
2036.9     1969717.5     197861
2037.1     2011837.5     199059
2037.3     2053957.5     200234
2037.5     2096077.5     201388
2037.7     2138197.5     202521
2037.9     2180317.5     203634
2038.1     2222437.5     204728
2038.3     2264557.5     205805
2038.6     2306677.5     206867
2038.8     2348797.5     207913
2039.0     2390917.5     208945
2039.2     2433037.5     209965
2039.4     2475157.5     210975
2039.6     2517277.5     211975
2039.8     2559397.5     212966
2040.0     2601630.9     213951
2040.2     2647120.5     214931
2040.4     2692610.1     215908
2040.6     2738099.7     216882
2040.8     2783589.3     217856
2041.0     2829078.9     218832
2041.3     2874568.5     219810
2041.5     2920058.1     220794
2041.7     2965547.7     221784
2041.9     3011037.3     222782
2042.1     3057231.6     223791
2042.3     3104406.0     224812
2042.5     3151580.4     225847
2042.7     3198754.8     226898
2042.9     3245929.2     227967
2043.1     3294132.3     229057
2043.3     3342991.5     230168
2043.5     3391850.7     231305
2043.8     3440709.9     232468
2044.0     3489569.1     233659
2044.2     3538428.3     234882
2044.4     3587287.5     236138
2044.6     3636146.7     237430
2044.8     3685005.9     238760
2045.0     3733865.1     240131
2045.2     3791107.8     241544
2045.4     3848391.0     243003
2045.6     3905674.2     244510
2045.8     3962957.4     246067
2046.0     4020556.5     247678
2046.2     4079524.5     249344
2046.5     4138492.5     251069
2046.7     4197460.5     252855
2046.9     4256428.5     254705
2047.1     4316036.4     256622
2047.3     4376689.2     258608
2047.5     4437342.0     260667
2047.7     4497994.8     262801
2047.9     4558647.6     265013
2048.1     4620264.3     267307
2048.3     4682601.9     269685
2048.5     4744939.5     272151
2048.7     4807277.1     274707
2049.0     4869614.7     277357
2049.2     4931952.3     280103
2049.4     4994289.9     282950
2049.6     5056627.5     285900
2049.8     5118965.1     288957
2050.0     5181302.7     292124
2050.2     5243640.3     295404
