1940.00           0.0            0      #Stage Volume Area 
1940.14        1134.0          400
1940.28        2268.0         1300
1940.42        3402.0         2317
1940.56        4536.0         5243
1940.70        5670.0         8067
1940.84        6804.0        10795
1940.98        7938.0        13430
1941.12       10044.0        15977
1941.26       12312.0        18440
1941.40       14580.0        20822
1941.54       16848.0        23129
1941.68       19116.0        25363
1941.82       21384.0        27530
1941.96       23652.0        29632
1942.10       27540.0        31673
1942.24       32076.0        33658
1942.38       36612.0        35589
1942.52       41148.0        37470
1942.66       45684.0        39305
1942.80       50220.0        41097
1942.94       54756.0        42849
1943.08       60588.0        44564
1943.22       67392.0        46246
1943.36       74196.0        47897
1943.50       81000.0        49521
1943.64       87804.0        51120
1943.78       94608.0        52697
1943.92      101412.0        54255
1944.06      108702.0        55797
1944.20      116640.0        57324
1944.34      124578.0        58841
1944.48      132516.0        60348
1944.62      140454.0        61848
1944.76      148392.0        63344
1944.90      156330.0        64838
1945.04      165240.0        66331
1945.18      176580.0        67827
1945.32      187920.0        69326
1945.46      199260.0        70830
1945.60      210600.0        72343
1945.74      221940.0        73864
1945.88      233280.0        75396
1946.02      244782.0        76941
1946.16      257256.0        78499
1946.30      269730.0        80073
1946.44      282204.0        81663
1946.58      294678.0        83271
1946.72      307152.0        84898
1946.86      319626.0        86544
1947.00      332100.0        88212
1947.14      346842.0        89902
1947.28      361584.0        91615
1947.42      376326.0        93352
1947.56      391068.0        95112
1947.70      405810.0        96898
1947.84      420552.0        98709
1947.98      435294.0       100546
1948.12      451980.0       102410
1948.26      468990.0       104300
1948.40      486000.0       106217
1948.54      503010.0       108161
1948.68      520020.0       110132
1948.82      537030.0       112130
1948.96      554040.0       114155
1949.10      571860.0       116208
1949.24      590004.0       118286
1949.38      608148.0       120392
1949.52      626292.0       122523
1949.66      644436.0       124679
1949.80      662580.0       126861
1949.94      680724.0       129067
1950.08      699516.0       131296
1950.22      718794.0       133549
1950.36      738072.0       135823
1950.50      757350.0       138118
1950.64      776628.0       140434
1950.78      795906.0       142768
1950.92      815184.0       145120
1951.06      835920.0       147489
1951.20      858600.0       149873
1951.34      881280.0       152271
1951.48      903960.0       154681
1951.62      926640.0       157101
1951.76      949320.0       159532
1951.90      972000.0       161969
1952.04      995976.0       164412
1952.18     1023192.0       166859
1952.32     1050408.0       169308
1952.46     1077624.0       171756
1952.60     1104840.0       174203
1952.74     1132056.0       176645
1952.88     1159272.0       179080
1953.02     1186974.0       181506
1953.16     1217592.0       183921
1953.30     1248210.0       186321
1953.44     1278828.0       188706
1953.58     1309446.0       191071
1953.72     1340064.0       193414
1953.86     1370682.0       195732
1954.00     1401300.0       198023
1954.14     1436454.0       200284
1954.28     1471608.0       202511
1954.42     1506762.0       204701
1954.56     1541916.0       206852
1954.70     1577070.0       208959
1954.84     1612224.0       211020
1954.98     1647378.0       213031
1955.12     1683504.0       214989
1955.26     1719792.0       216890
1955.40     1756080.0       218730
1955.54     1792368.0       220506
1955.68     1828656.0       222213
1955.82     1864944.0       223849
1955.96     1901232.0       225409
1956.10     1939950.0       226888
1956.24     1979640.0       228284
1956.38     2019330.0       229591
1956.52     2059020.0       230806
1956.66     2098710.0       231923
1956.80     2138400.0       232939
1956.94     2178090.0       233850
1957.08     2219724.0       234649
1957.22     2262816.0       235334
1957.36     2305908.0       235898
1957.50     2349000.0       236338
1957.64     2392092.0       236648
1957.78     2435184.0       236824
1957.92     2478276.0       236860
1958.06     2521368.0       236896
1958.20     2564460.0       236932
1958.34     2607552.0       236967
1958.48     2650644.0       237003
1958.62     2693736.0       237039
1958.76     2736828.0       237075
1958.90     2779920.0       237111
1959.04     2823012.0       237147
1959.18     2866104.0       237183
1959.32     2909196.0       237219
1959.46     2952288.0       237254
1959.60     2995380.0       237290
1959.74     3038472.0       237326
1959.88     3081564.0       237362
1960.02     3124656.0       237398
1960.16     3167748.0       237434
1960.30     3210840.0       237470
1960.44     3253932.0       237506
1960.58     3297024.0       237542
1960.72     3340116.0       237577
1960.86     3383208.0       237613
1961.30     3518640.0       237649