1  3  6  14  24  86  89  94  97  98  99  100  101  102  103  160  118  1  1  3  6  34  4  3  3  4  5  6  24  29  34  36  39  40  41  51  9  5  3  2  1  3  7  16  26  153  5  4  3  2  1  1  7  8  13  15  17  18  20  21  28  80  3  2  1  1  3  5  6  7  12  22  24  32  55  56  70  4  1  1  2  6  7
1  2  3  4  9  61  2  4  2  1  4  5  6  7  21  35  116  1  1  1  1  24  5  2  2  1  4  9  8  4  4  1  2  1  2  992  2  3  1  1  1  3  2  6  9  142  5  4  3  2  1  3  2  2  2  1  1  1  1  2  4  73  3  2  1  1  1  2  3  4  9  1  7  7  15  10  3  2  1  2  3  4  17
1  2  3  4  4  60  1  3  1  2  1  2  12  13  11  23  113  1  1  2  20  3  4  1  1  2  2  2  7  3  3  1  2  3  4  983  1  1  2  1  2  1  5  5  3  2  139  4  3  2  1  2  1  1  1  1  1  1  2  3  9  48  15  4  3  1  1  2  5  8  3  6  6  4  10  9  2  1  1  2  3  1  12
1  2  3  3  5  22  32  2  1  2  5  9  5  10  1  21  101  11  1  10  7  2  2  1  1  1  1  1  5  2  2  1  1  2  975  4  2  1  1  1  3  4  4  2  1  1  134  5  4  3  2  1  1  1  2  1  2  2  3  8  20  27  8  2  1  1  1  2  2  2  2  5  3  9  2  5  1  1  1  3  6  9  1
1  2  2  4  3  18  31  1  1  2  3  4  4  5  12  8  100  10  5  3  4  2  1  1  1  1  2  3  1  1  1  1  2  3  968  1  3  2  1  1  2  3  1  1  2  3  122  5  4  3  2  1  1  1  1  3  2  3  4  3  16  26  4  3  2  1  1  1  1  1  4  2  8  1  1  1  2  1  1  2  2  1  2
1  1  3  2  2  15  29  1  1  2  3  3  4  3  3  7  99  9  4  2  2  1  1  1  1  2  3  1  1  1  1  1  1  2  965  4  3  2  1  1  2  3  4  9  19  20  118  5  4  3  2  1  1  2  4  5  3  1  2  15  6  5  14  3  2  1  1  1  2  3  1  7  1  2  1  1  1  1  1  1  1  1  4
1  2  1  1  6  8  27  1  1  2  2  3  2  2  6  14  84  8  2  1  1  1  1  1  2  4  4  3  2  1  1  2  4  5  955  8  3  2  1  1  1  3  4  9  2  8  92  3  2  1  1  1  1  2  7  1  6  4  14  5  2  2  8  5  2  1  1  3  4  5  6  14  15  16  19  3  3  1  1  1  1  2  5
1  2  4  5  7  8  12  6  1  1  2  1  1  5  13  57  26  6  1  1  1  1  1  2  2  1  9  4  3  1  2  2  3  928  13  5  4  3  2  1  1  2  8  1  5  3  66  11  5  4  2  1  1  2  3  8  2  9  1  3  1  1  3  4  2  1  1  2  3  4  13  1  2  3  6  45  52  2  1  2  2  2  10
1  1  1  6  7  9  2  4  1  1  2  3  4  12  56  19  25  4  1  1  1  2  2  4  3  12  1  5  4  1  2  3  4  920  11  1  4  3  2  1  1  2  3  4  2  11  44  10  5  4  3  1  1  3  4  8  9  1  1  1  1  1  1  1  2  1  1  3  5  8  3  4  1  2  19  12  14  67  70  72  75  91  102
1  3  4  6  8  1  1  1  1  1  1  10  11  55  18  2  3  3  2  1  2  2  3  3  20  1  1  1  6  5  7  3  904  15  6  10  4  3  2  1  1  2  3  1  10  11  29  3  9  6  3  1  1  3  5  6  9  12  4  3  2  1  1  2  1  1  1  1  2  2  2  5  10  18  11  1  2  7  8  11  13  1  9
1  2  5  7  1  3  4  5  6  7  8  1  54  17  1  2  2  1  1  4  6  9  12  16  24  3  1  1  2  7  8  16  900  4  8  5  5  4  3  1  1  2  3  9  10  1  24  3  2  2  2  1  1  1  3  4  20  17  1  1  2  1  1  2  5  1  1  1  1  1  2  2  7  7  3  1  2  2  2  1  1  5  3
1  2  3  3  1  2  3  4  5  6  7  52  2  14  1  1  1  2  3  4  5  6  7  1  17  28  2  2  1  3  1  877  1  1  3  7  4  3  2  1  1  2  5  2  7  1  13  9  2  1  1  1  1  2  1  2  23  19  2  3  1  1  1  2  5  7  2  1  1  1  1  2  2  6  2  1  1  1  1  2  3  1  1
1  2  1  1  1  1  2  3  4  39  44  1  11  2  4  8  9  10  11  12  13  14  15  23  25  43  31  3  2  1  5  870  3  2  1  2  6  3  2  1  1  4  1  5  1  3  9  6  2  1  1  1  1  2  3  4  5  50  1  7  2  1  1  1  2  8  11  2  2  1  1  1  3  2  1  1  2  1  1  2  3  4  5
1  2  3  4  1  1  26  31  34  4  6  10  1  3  3  2  3  4  5  6  7  8  9  10  11  13  58  90  94  97  853  13  12  11  10  9  1  2  1  1  1  2  3  1  2  2  6  4  1  1  2  1  2  3  5  6  7  58  9  1  2  1  2  1  1  1  26  3  1  1  1  1  1  1  2  3  4  7  9  28  31  32  54
1  2  8  10  19  24  4  2  3  5  1  2  2  2  1  1  2  3  4  1  1  2  1  1  1  1  1  1  2  3  741  11  10  9  8  4  8  5  3  1  1  1  1  1  1  2  3  1  2  1  1  3  2  1  1  2  3  4  59  13  2  1  3  2  1  2  27  2  2  2  2  1  1  1  1  3  5  6  18  2  1  7  14
1  5  1  4  3  3  1  2  2  2  1  1  1  1  1  1  1  1  1  5  2  1  4  4  1  1  1  1  1  722  11  7  6  5  4  3  3  2  1  1  1  1  1  1  1  1  1  1  1  2  2  2  6  1  1  2  3  4  9  73  3  2  4  3  1  2  30  5  3  3  1  1  1  2  1  1  5  11  1  1  5  8  5
1  2  3  2  1  1  1  1  1  1  1  1  1  1  2  2  2  2  2  2  6  3  5  415  462  488  1  2  1  719  1  9  8  7  3  3  2  2  1  1  1  2  2  2  2  1  1  1  1  2  5  3  3  7  2  1  2  3  4  14  77  3  8  1  1  2  33  9  4  2  2  1  1  2  3  4  5  1  2  3  7  1  3
1  1  1  1  1  1  1  1  1  1  2  2  2  3  3  1  3  3  3  3  9  4  405  45  23  19  543  567  703  15  1  5  4  3  3  2  2  1  1  1  3  5  3  5  3  3  1  1  2  1  1  7  4  4  8  3  1  2  3  6  98  12  2  1  1  3  39  14  3  3  2  1  2  1  3  4  2  4  5  6  1  1  2
1  1  1  1  1  3  2  1  2  2  2  3  5  4  4  2  1  4  7  4  375  404  44  22  18  34  21  125  2  8  14  7  6  3  2  2  1  1  1  2  3  1  7  17  27  5  1  2  1  3  2  1  8  5  5  9  4  1  2  1  3  113  2  1  1  2  3  57  4  3  2  3  2  1  1  1  1  1  2  3  4  6  7
1  2  2  3  2  4  3  2  1  5  1  3  9  5  5  3  2  267  317  365  24  43  21  17  33  20  109  2  13  1  7  6  3  2  2  1  1  1  1  1  1  5  6  1  1  34  2  3  2  4  1  3  2  9  6  6  14  1  1  1  1  120  2  1  1  1  1  61  5  6  4  3  2  1  2  1  1  1  2  3  4  5  13
1  4  3  4  3  5  4  3  2  6  2  4  10  6  168  187  262  42  43  23  42  20  16  32  19  89  2  17  1  12  11  3  2  2  1  1  1  1  3  2  2  3  4  5  1  2  37  43  7  1  1  2  4  3  16  1  7  15  2  2  1  2  124  1  1  2  3  1  67  7  8  3  2  1  3  1  2  2  3  4  5  6  48
1  6  4  5  4  6  1  8  3  7  3  119  142  162  15  72  41  42  22  41  19  15  31  18  78  9  1  1  16  6  2  5  2  1  1  1  7  9  13  19  23  25  26  27  33  35  37  38  52  2  1  1  3  5  20  2  8  1  16  3  3  1  127  2  1  2  6  1  69  8  15  3  2  4  1  1  3  6  7  8  9  10  41
1  8  5  6  5  1  8  9  83  100  114  12  13  14  71  40  41  21  40  18  14  30  17  67  9  1  8  7  7  2  5  1  4  1  1  5  1  3  2  1  1  1  2  1  1  1  1  2  95  2  1  1  5  1  26  3  10  1  1  17  4  4  6  130  2  1  10  72  2  11  39  14  8  3  1  1  2  3  4  5  6  7  23
1  2  14  1  7  7  62  79  9  10  11  12  13  70  39  40  20  39  17  13  29  16  56  9  1  8  7  4  2  6  1  4  1  3  2  1  1  1  1  1  1  1  1  3  2  1  1  1  96  4  1  2  6  2  27  14  2  1  1  2  18  23  24  31  133  2  85  2  1  2  2  7  3  2  1  1  2  3  4  5  6  7  15
1  2  3  16  8  53  7  8  9  10  11  12  69  38  39  19  38  16  12  28  15  43  11  1  8  7  3  3  3  1  5  1  2  2  1  1  1  1  1  2  2  2  2  2  4  3  2  2  98  6  3  1  7  3  42  3  1  1  2  2  3  1  2  3  168  88  2  1  1  1  1  2  4  2  1  1  1  3  4  7  9  12  2
1  2  6  32  45  6  7  8  9  10  11  68  37  38  18  37  15  11  27  14  40  1  1  10  6  3  3  2  2  2  1  2  1  1  1  1  2  2  2  2  3  3  3  6  3  5  4  3  101  10  2  1  8  46  4  2  1  1  2  5  3  4  5  6  7  259  1  1  1  2  1  1  1  1  2  1  1  1  2  1  1  1  1
1  4  15  4  5  6  7  8  9  10  67  36  37  17  36  14  10  26  13  23  1  15  7  3  3  2  2  2  1  1  1  1  1  1  1  2  2  3  3  3  3  4  4  1  7  11  17  22  4  114  2  1  9  51  5  2  2  1  1  2  8  4  5  6  7  274  3  2  3  1  1  1  2  4  2  1  1  1  1  1  1  2  3
2  8  3  4  5  6  7  8  9  66  35  36  16  35  13  9  25  12  4  18  4  7  2  4  2  2  1  1  1  1  1  1  1  2  2  2  3  3  4  4  4  4  5  5  2  1  2  3  26  121  1  2  61  6  1  3  2  1  1  2  1  9  1  1  3  8  286  8  2  2  1  1  1  7  4  2  1  1  2  2  2  3  7
1  2  3  4  5  6  7  8  65  34  35  15  34  12  8  24  5  11  3  13  3  3  3  1  3  1  1  1  1  1  3  1  2  2  3  3  3  4  4  9  5  1  5  11  1  3  1  2  3  151  2  3  68  2  4  3  2  1  1  1  3  11  2  1  1  3  1  298  5  2  2  1  1  9  5  3  2  2  1  3  3  1  7
1  2  3  4  5  6  7  64  33  34  14  33  11  7  18  10  4  10  2  9  3  2  2  2  1  1  1  1  2  2  5  2  3  1  3  4  4  4  5  14  6  1  2  17  2  1  4  5  6  9  163  72  3  5  4  3  2  1  1  2  2  15  3  1  1  1  2  2  306  3  1  2  1  3  18  4  5  1  1  2  7  1  5
1  2  3  4  5  6  63  32  33  13  32  5  10  6  7  9  3  9  1  6  2  2  1  1  1  1  1  2  2  3  11  3  1  4  2  4  5  5  5  6  21  1  4  18  3  2  1  1  2  1  2  236  9  5  4  3  1  2  1  2  3  18  4  2  1  1  1  1  308  5  1  3  1  2  3  23  6  2  2  3  8  1  2
1  2  3  4  5  62  31  32  12  10  26  4  9  5  6  8  2  5  3  3  2  1  1  1  1  1  2  2  3  3  1  15  1  2  5  3  5  6  6  6  7  23  5  19  4  3  1  2  1  2  3  242  15  5  4  2  3  1  2  3  1  22  5  4  1  1  1  1  2  315  4  1  1  1  2  27  9  3  16  12  2  1  1
1  2  3  4  61  30  31  4  1  9  25  3  8  4  5  7  1  4  2  1  1  1  1  1  2  2  2  3  3  4  4  2  16  2  3  6  4  6  7  7  7  31  6  20  5  4  2  1  3  1  2  3  263  5  4  1  4  2  3  4  1  24  6  6  2  1  1  2  3  322  2  1  2  1  1  31  31  18  1  1  1  1  1
1  2  3  60  29  26  14  1  2  8  24  2  7  3  4  2  4  2  1  1  1  1  1  2  2  3  3  3  4  4  5  5  3  17  3  7  14  19  7  8  8  8  38  21  6  5  3  1  2  4  5  6  272  5  1  1  5  3  8  1  1  26  13  3  2  1  1  2  1  327  4  1  3  1  3  66  3  2  1  1  1  2  3
1  2  59  28  11  3  11  2  1  7  23  1  6  2  3  1  2  1  1  1  1  3  2  2  3  3  4  4  4  5  5  6  6  10  18  1  1  2  20  8  9  9  9  60  7  6  4  2  1  3  1  2  286  2  1  2  6  12  2  1  1  28  17  3  2  1  1  2  3  4  341  4  1  1  1  70  1  1  1  1  2  2  6
1  58  27  9  4  3  2  10  1  6  19  3  3  2  1  2  1  1  1  1  2  3  7  10  3  4  4  5  5  5  6  6  7  8  19  19  2  3  6  27  1275  1288  1301  1371  8  7  5  3  2  1  4  5  292  3  2  9  1  15  2  1  1  30  21  3  2  1  1  2  3  1  342  3  1  1  2  72  3  2  1  1  2  3  9
57  17  5  4  4  3  2  1  9  5  15  3  2  2  1  1  1  2  4  6  2  3  4  5  16  4  5  5  6  6  6  7  7  1  1  20  20  1  2  1239  3  3  1  3  1375  1391  6  4  3  1  2  1  2  298  3  10  2  16  3  2  2  31  25  3  2  1  2  3  1  5  346  1  1  1  2  5  78  1  2  1  2  3  13
56  6  5  4  3  3  2  1  8  4  3  11  2  1  1  1  2  3  4  1  7  8  9  10  11  28  33  39  6  7  7  7  8  8  2  2  23  44  1233  3  2  2  1  2  3  8  1401  1667  1675  2  3  1  1  1  300  314  3  17  4  3  3  57  4  3  1  2  3  4  1  353  2  2  1  2  1  2  84  2  3  1  3  3  17
49  6  5  4  3  2  2  1  7  3  2  8  2  1  1  1  1  2  3  5  2  3  4  5  6  25  26  27  67  74  82  8  8  9  18  569  570  1185  3  2  1  1  1  2  4  1  259  1  2  1678  1688  1700  2  1  1  1  318  18  5  4  61  5  4  1  2  3  1  8  1  355  5  2  3  1  1  1  3  87  4  1  1  4  25
43  5  5  4  3  2  1  1  6  2  1  6  1  1  1  2  2  3  4  8  14  15  16  17  18  1  2  3  4  130  136  223  238  536  548  14  16  598  1  1  1  1  1  1  1  257  1  2  3  4  10  2  1711  1721  1729  1777  2096  19  6  5  62  10  2  1  3  4  1  10  1  357  8  4  2  1  2  2  1  4  92  1  2  4  31
37  5  4  4  3  2  1  2  3  1  1  3  1  1  1  2  5  6  7  8  9  76  78  79  80  106  118  121  125  5  4  6  289  11  13  1  9  584  4  2  1  1  3  4  5  250  1  2  6  9  1  8  6  6  46  9  11  2114  2142  2152  2223  2236  1  2  4  5  2  11  2  358  9  5  3  2  3  3  2  1  97  1  2  3567  1
31  5  4  3  3  2  1  1  2  1  2  1  2  3  5  7  8  9  60  64  66  1  1  2  25  11  2  3  4  3  5  288  10  7  5  8  8  562  13  1  1  3  5  8  12  237  1  3  2  3  7  5  5  45  8  1  6  8  3  3  1  222  2462  2468  2474  2481  2488  2489  2501  361  10  6  4  3  4  4  1  4  98  1  3559  5  1
27  3  4  3  2  2  1  1  1  2  3  4  5  6  7  8  42  50  3  1  1  2  3  22  10  1  2  3  2  4  287  9  6  4  7  7  1  561  10  2  1  1  2  3  18  218  2  1  2  3  4  4  36  8  7  5  4  3  2  2  16  204  3  2  1  1  4  4  5  2509  2873  2886  2903  4  5  5  2  7  8  3550  6  2  1
25  1  2  3  2  1  1  2  3  9  10  11  12  13  29  33  7  2  3  4  5  13  18  8  1  1  2  1  3  286  8  5  3  6  6  86  87  559  4  5  1  1  2  3  14  217  1  1  2  3  3  26  9  7  6  4  3  2  1  1  15  200  3  2  1  3  1  2  2  2  2  6  2  2924  2939  3304  3315  3324  3424  19  4  1  1
24  2  1  1  2  1  1  2  5  2  4  5  6  15  3  6  1  2  3  6  7  4  6  1  1  1  1  2  285  7  4  2  5  5  85  5  6  465  2  1  4  1  2  7  6  215  1  1  2  2  19  6  8  6  5  3  2  1  1  2  12  196  3  2  1  2  1  1  1  1  5  1  18  5  359  5  5  8  99  15  3  3  1
11  10  7  4  2  1  1  2  1  1  1  2  8  2  3  2  1  2  2  2  3  5  1  260  269  272  278  284  6  3  1  4  4  84  4  1  458  4  2  1  3  1  6  4  1  208  6  1  1  2  16  5  7  5  4  2  1  3  4  11  31  162  2  2  1  1  1  2  3  4  10  17  4  355  3  4  4  7  98  11  3  2  1
7  3  2  2  1  1  1  1  2  3  4  5  1  1  1  1  1  1  1  2  4  1  258  8  1  5  5  5  2  2  3  3  83  3  3  4  456  1  2  1  2  5  1  2  6  201  4  1  1  4  11  4  6  4  3  1  2  5  6  8  30  160  1  1  1  1  2  3  4  9  6  3  2  352  2  3  3  6  97  7  3  2  1
3  3  2  1  1  1  1  2  3  4  5  6  1  1  1  1  1  1  1  1  1  256  6  1  4  4  4  1  1  1  2  82  2  2  1  2  445  4  2  1  1  4  1  1  4  200  2  1  3  6  4  3  5  3  2  1  4  1  7  2  19  153  6  2  1  1  2  3  4  5  2  1  346  5  1  2  2  5  96  3  3  2  1
1  1  2  1  1  1  2  1  2  3  4  1  7  2  2  2  3  2  1  1  254  4  1  3  3  3  1  2  3  12  81  1  1  1  2  3  441  1  1  1  1  2  2  3  1  1  197  1  2  5  3  2  4  2  1  3  4  5  1  16  2  150  2  3  1  1  2  3  4  1  1  36  309  3  1  1  1  4  94  1  2  2  1
3  2  1  1  1  3  2  3  4  5  6  5  2  8  11  14  222  239  248  252  2  1  2  2  2  1  2  3  8  68  14  17  18  23  25  53  386  2  1  1  1  1  2  4  7  15  181  1  1  4  2  1  3  1  2  3  4  5  15  1  12  135  2  1  1  1  2  3  4  5  27  7  302  6  2  1  1  2  91  2  1  1  1
7  3  2  1  1  2  6  9  10  11  12  19  25  52  195  205  13  4  2  2  1  1  1  1  1  2  3  4  67  13  2  2  4  1  27  29  5  349  2  1  1  1  1  2  2  7  179  3  2  1  3  1  2  1  2  3  4  9  5  11  19  109  6  1  1  2  3  4  5  21  6  6  282  13  5  2  1  1  88  2  1  1  1
30  3  2  1  1  2  3  4  5  6  7  8  24  142  9  8  4  3  1  1  1  2  3  4  5  6  7  66  12  1  1  1  7  26  28  1  3  3  343  2  1  1  1  1  2  2  171  4  3  2  1  2  1  1  2  3  4  4  5  6  12  108  2  3  1  3  4  8  15  5  5  93  188  9  3  2  1  1  4  81  8  5  1
26  4  3  1  1  2  1  2  3  4  5  15  141  3  5  7  3  2  1  1  1  2  3  4  5  15  58  11  2  4  5  6  16  2  27  2  1  1  332  7  5  3  2  1  1  2  3  165  4  3  2  1  1  1  2  3  3  4  5  3  8  107  1  2  1  2  3  6  4  4  11  81  187  5  3  2  1  1  2  69  3  1  2
17  4  1  1  1  2  5  6  7  8  9  1  139  2  4  6  2  1  1  3  5  6  7  8  9  42  10  1  1  1  2  15  1  26  1  1  2  3  1  327  3  2  1  1  1  2  2  9  151  4  3  2  1  1  2  2  3  4  2  4  3  104  2  1  1  2  5  3  3  10  78  2  181  5  4  2  1  1  2  20  46  2  1
14  2  2  1  1  1  2  3  4  5  34  136  2  1  3  5  1  2  5  11  15  20  26  33  41  9  8  9  10  11  12  24  25  1  2  3  1  2  291  32  4  3  2  1  1  1  4  2  142  4  3  2  1  1  1  2  3  1  3  2  12  76  15  1  1  2  2  2  9  71  6  1  179  1  4  3  1  1  2  17  43  2  1
11  2  1  1  2  4  5  6  7  28  80  18  3  1  2  4  1  2  5  3  4  5  6  7  8  7  6  7  21  22  23  1  2  3  4  5  9  10  288  10  17  12  7  3  1  3  1  2  6  133  4  3  2  1  1  2  1  2  1  11  7  68  13  1  1  1  1  8  59  11  5  1  7  170  4  3  2  1  1  15  8  34  1
9  1  1  1  2  3  4  12  20  44  34  1  17  2  1  3  1  4  2  3  4  5  6  7  6  5  7  13  11  12  13  14  15  16  17  18  19  34  243  9  4  4  4  3  1  2  1  2  3  12  116  3  2  1  1  2  3  4  10  6  6  61  9  3  1  3  7  3  55  10  4  1  5  157  8  3  2  1  1  13  7  32  1
7  1  1  2  3  5  7  7  3  40  20  13  7  9  1  2  3  1  2  3  4  5  6  5  4  6  5  10  6  7  8  9  10  11  12  13  14  28  214  2  2  3  3  3  2  1  1  2  3  8  109  3  2  1  1  1  2  5  5  5  6  54  8  2  1  3  2  7  47  9  3  1  3  153  3  7  2  1  1  11  6  30  1
5  1  1  1  1  1  6  2  3  36  19  8  4  6  8  1  2  1  2  3  4  5  4  3  5  4  9  5  1  2  3  4  5  6  7  8  27  2  207  4  1  1  2  2  2  1  1  2  3  4  101  7  3  2  1  1  2  4  4  5  10  43  7  1  2  1  6  5  41  8  2  2  1  121  30  2  6  1  10  1  4  28  1
4  1  1  2  4  5  1  2  33  2  18  6  1  3  5  7  1  1  2  3  4  3  2  4  3  8  4  10  11  12  13  14  15  16  17  18  1  23  182  1  3  2  1  1  1  1  1  2  3  3  14  83  3  2  1  1  3  3  4  4  5  42  6  1  2  5  4  5  35  7  1  1  2  118  27  2  1  5  9  3  9  17  1
2  1  2  4  5  1  1  32  1  2  15  4  1  2  4  5  1  1  2  3  2  1  3  2  7  3  9  1  2  3  4  5  6  7  8  9  22  165  11  5  4  3  2  1  2  1  1  2  2  3  10  77  5  2  1  1  2  3  3  4  5  36  5  1  2  3  4  5  29  5  1  1  1  116  14  12  1  4  8  2  8  15  1
1  1  3  5  8  23  30  1  1  6  5  3  3  1  3  3  1  1  2  1  1  2  1  6  2  8  3  4  5  6  7  8  9  10  11  12  1  163  10  9  8  7  6  5  2  1  1  1  2  3  6  14  62  2  1  1  2  2  3  4  4  31  4  1  2  3  4  9  19  3  1  1  2  113  1  12  11  3  7  1  7  7  7
1  1  1  2  5  3  6  1  3  2  4  2  2  1  1  1  1  1  1  2  3  4  5  1  7  2  1  2  3  4  5  6  7  8  9  10  11  142  9  8  7  6  5  4  3  2  1  1  2  2  3  13  57  4  1  1  1  2  3  3  4  26  3  1  2  3  8  1  17  2  1  2  85  25  2  11  10  2  5  1  6  6  6
2  1  1  1  3  2  3  1  2  1  3  1  1  1  1  1  1  1  1  2  3  4  5  6  1  1  2  3  4  5  6  7  8  9  10  11  12  59  70  8  7  6  5  4  3  2  1  1  1  2  3  9  11  45  2  1  1  2  2  3  4  21  2  1  2  3  4  15  1  1  1  8  74  24  1  10  7  2  1  4  5  5  5
3  2  1  1  1  1  1  1  1  1  1  1  1  1  2  3  3  1  1  1  2  3  4  5  6  7  8  9  10  11  12  13  14  15  16  17  43  15  61  9  8  7  6  5  4  3  2  1  1  2  2  6  10  39  5  1  1  1  2  3  3  17  1  1  2  3  7  7  4  5  6  5  68  6  17  9  4  2  1  3  4  4  4
6  2  1  1  1  1  1  1  1  1  1  1  2  2  2  6  5  1  2  1  1  2  3  4  5  6  7  8  9  10  11  12  13  23  24  25  12  2  42  9  8  7  6  5  4  3  2  1  1  1  2  3  9  5  33  3  1  1  2  2  5  8  3  1  2  6  6  3  2  3  4  61  6  5  16  4  4  3  1  2  3  3  3
9  2  2  2  1  1  2  3  3  1  1  2  4  7  3  9  6  2  4  1  1  1  2  1  1  2  3  4  5  6  7  8  9  8  10  11  1  5  26  10  9  8  7  6  5  4  3  2  1  1  2  4  4  4  29  3  1  1  1  3  1  7  2  1  5  5  2  1  1  2  3  57  5  4  12  3  3  3  2  1  2  2  2
12  3  3  2  1  1  2  6  4  3  1  1  2  3  8  13  7  3  6  2  1  1  2  3  2  1  1  2  3  4  5  6  7  1  1  3  4  3  12  10  9  8  7  6  5  4  3  2  1  1  1  2  3  3  3  25  2  1  1  1  2  4  1  4  4  1  1  2  3  4  17  39  4  3  9  2  2  2  2  1  1  1  1
16  4  3  2  1  2  1  3  11  5  1  1  1  2  6  9  21  10  3  2  1  1  1  3  6  2  1  1  2  3  4  5  1  1  1  1  2  2  2  7  6  5  4  3  2  1  1  1  1  1  1  1  1  2  2  18  6  2  1  1  1  2  3  3  1  2  3  4  5  12  35  3  3  2  2  6  1  1  1  1  1  1  1
21  4  3  1  2  3  2  1  20  2  2  1  1  2  3  10  10  35  3  2  2  1  1  2  10  3  2  1  1  1  1  1  7  3  1  1  1  1  1  2  1  1  1  1  1  2  2  2  2  1  1  1  1  1  2  4  11  3  2  1  1  2  2  1  2  3  4  5  6  25  9  2  2  1  1  1  4  3  2  1  1  2  3
26  4  2  1  3  4  3  2  23  3  2  1  1  1  1  1  11  46  6  3  1  2  2  1  3  14  3  2  2  1  2  2  1  11  3  1  1  1  1  1  5  2  2  2  3  3  3  3  2  2  2  1  1  1  1  2  7  3  2  1  1  1  1  2  3  4  5  6  24  8  1  1  1  1  2  4  3  2  1  1  1  2  6
31  3  1  2  4  1  5  6  27  3  1  2  2  1  2  2  2  64  4  2  1  3  3  1  2  18  4  3  3  2  3  1  3  13  4  2  3  1  2  2  6  5  3  4  4  4  4  3  3  3  2  2  1  1  1  1  2  4  3  2  1  1  3  5  8  9  10  17  7  1  2  3  4  2  3  5  2  1  1  1  2  2  9
35  2  1  3  5  2  1  12  31  1  2  3  1  3  2  3  3  67  7  1  2  4  4  2  1  3  23  4  4  3  4  1  2  17  5  3  5  1  3  3  7  9  5  5  5  1  8  4  4  3  3  2  2  1  1  1  2  1  1  1  1  1  1  2  2  5  6  6  5  9  10  11  12  5  11  3  1  2  1  1  2  3  12
38  1  2  4  6  3  2  13  33  1  3  4  2  1  4  3  4  71  8  2  3  5  5  3  1  2  27  5  5  4  5  2  1  20  6  4  7  1  4  4  17  6  1  6  7  1  9  9  4  4  3  3  2  2  1  1  1  5  2  2  1  1  1  1  2  2  5  4  3  5  6  7  8  18  15  1  2  3  2  1  2  3  16
39  2  3  5  7  4  3  14  34  2  4  5  3  2  1  5  4  76  9  3  4  6  6  4  2  1  30  6  6  5  6  3  2  21  7  5  8  2  5  5  24  1  2  7  8  2  10  14  5  4  4  3  3  2  1  1  2  9  1  4  2  1  1  1  1  2  3  2  4  3  4  5  6  27  17  1  1  6  3  1  2  3  20
40  3  4  6  8  5  4  15  35  3  5  6  4  3  2  6  1  5  86  4  5  7  7  5  3  2  31  7  7  6  7  4  3  22  8  6  9  3  6  6  26  1  3  8  11  1  25  6  5  1  8  4  3  2  1  1  4  10  2  7  2  2  1  1  1  2  1  3  2  1  2  3  4  38  18  2  2  7  1  4  2  3  27
41  4  5  12  21  27  32  48  84  88  94  101  106  110  113  114  122  123  215  220  226  227  242  248  252  255  287  295  303  310  318  323  327  39  16  7  10  140  136  129  96  94  90  89  80  67  41  34  28  26  17  12  8  5  3  1  1  16  21  18  10  5  3  1  1  1  2  1  1  2  3  4  5  6  63  66  69  77  78  80  85  88  89
